0:54975:R	2	54975	17485
1:12327:M	1	513424
2:557717:R	1	557717
3:330002:M	3	330002	719382	1085883
4:516947:R	5	631555	540640	544210	516947	1331142
5:65525:R	3	65525	743277	1016952
6:682355:R	2	682355	690775
7:500769:R	6	344213	1060656	500769	1378078	793771	1020988
8:914810:R	5	1308384	947148	1336901	19564	914810
9:58720:R	1	58720
10:906437:R	3	1351222	312232	906437
11:297400:R	1	297400
12:171043:R	1	171043
13:1202362:R	1	1202362
14:1231600:R	2	368611	1231600
15:1330052:R	6	216338	1326534	258215	610995	1330052	311119
16:471672:M	2	471672	1078814
17:514521:R	2	1141678	514521
18:1014939:R	2	588013	1014939
19:163152:R	1	163152
20:173222:M	1	173222
21:916481:R	4	916481	1155542	55198	1019084
22:232304:R	10	747245	886463	157421	169783	232304	1140962	86123	21121	5099	805825
23:1045078:R	2	1045078	94866
24:1007511:R	4	633721	699317	811288	1007511
25:1153759:R	6	577967	1153759	700794	85199	952659	754004
26:266269:M	1	1029626
27:742823:R	5	1019280	742823	226451	518995	1276608
28:680573:R	3	1225508	680573	580554
29:1123710:R	1	1123710
30:1019406:R	10	1019406	168872	547826	188317	832139	117797	690539	104966	1247263	942281
31:471494:R	1	471494
32:166636:R	8	726739	1088943	1186380	846574	880513	598199	181850	166636
33:740788:R	3	137073	689811	740788
34:677195:R	6	677195	858100	1379445	496153	158836	87811
35:84552:R	1	84552
36:216565:M	2	300286	1266063
37:218429:R	1	218429
38:1166663:R	2	1166663	1063340
39:1358644:R	6	22837	412495	650814	1358644	170202	431601
40:495355:R	2	937667	495355
41:717971:R	1	717971
42:1258189:R	2	582507	1258189
43:601373:R	3	1020418	1364988	601373
44:1300710:R	2	1173379	1300710
45:1336958:R	5	536996	251487	456249	1336958	161784
46:49701:R	8	515293	49701	471363	1060638	841169	270613	1044124	1278945
47:1304002:R	2	1304002	562624
48:491367:R	1	491367
49:976908:R	2	976908	1348287
50:920445:M	6	123883	920445	103717	1282970	1066567	1023510
51:1084119:R	1	1084119
52:296719:R	1	296719
53:890801:R	1	890801
54:1324711:R	2	684381	1324711
55:1168684:R	4	1168684	570496	222463	502516
56:779736:R	13	824733	127348	824804	947812	920329	1026645	563783	891631	815118	511406	1342093	500938	779736
57:1177511:R	5	791706	893208	967820	603825	1177511
58:803425:M	0
59:835600:R	4	1170062	196747	835600	720152
60:61573:R	3	61513	61573	760171
61:941173:R	3	1053351	606225	941173
62:127620:R	3	127620	752277	376841
63:567237:R	7	395491	631434	158789	1314572	567237	914426	917942
64:891546:R	2	891546	492952
65:458917:R	2	458917	608386
66:769621:R	3	769621	132218	526026
67:744918:R	1	744918
68:798571:R	7	1361884	1249154	306598	614976	1103459	798571	739316
69:775683:M	0
70:1350007:R	2	1350007	632041
71:985472:R	2	985472	820444
72:258308:R	3	1059839	282520	258308
73:947459:R	2	947459	1366895
74:530012:R	3	530012	795435	444090
75:515:R	1	515
76:336082:R	7	337287	336082	95032	1367264	920319	991222	24744
77:482566:R	3	482566	989638	166771
78:1388858:R	1	1388858
79:1217334:M	3	317601	319386	776908
80:205243:R	2	416213	205243
81:1299606:R	3	523843	1299606	307614
82:905096:R	3	905096	1253200	102763
83:996102:M	1	996102
84:1174923:R	2	1174923	1163098
85:655847:M	2	616092	655847
86:740619:M	5	1143603	1385014	789745	1087749	738600
87:1209767:R	22	1159750	448293	475898	1300341	1081239	1009287	1319146	113494	1083174	583147	418735	887623	298848	401436	844013	108243	513837	257297	1224623	1224439	1224255	1209767
88:735154:R	2	708136	735154
89:716876:R	4	716876	182853	211624	789315
90:983497:R	5	230689	454313	694613	983497	35415
91:328129:R	1	328129
92:269266:R	1	269266
93:379120:R	2	846512	379120
94:352562:R	3	1090564	352562	1309242
95:653148:R	3	845121	653148	838084
96:1177226:R	2	262317	1177226
97:988018:R	2	988018	802522
98:505874:R	7	79893	355608	505874	1289946	1190865	495384	618330
99:1296744:R	9	1360487	461034	862346	538559	806744	85649	1296744	342501	1209618
100:870288:R	5	870288	856984	1387305	133797	52242
101:47226:R	5	1183191	1393704	1249972	928488	47226
102:27389:R	4	724470	27389	797344	848735
103:254530:R	7	1175138	486526	254530	1313106	194558	458637	289865
104:584992:R	2	584992	293604
105:137817:R	5	1164931	505690	462362	137817	1125783
106:775810:R	3	781537	775810	571130
107:305079:R	2	305079	632801
108:805860:R	3	602300	805860	361795
109:271402:R	1	271402
110:493383:R	1	493383
111:1210115:R	3	1210115	102296	548648
112:32542:R	1	32542
113:719532:R	3	1192432	889734	719532
114:403024:R	7	1345741	917692	512245	1212818	225210	210488	403024
115:185887:R	3	185887	508265	133394
116:219512:R	3	1335200	219512	399900
117:1018743:R	2	423482	1018743
118:1378936:R	3	163318	1378936	113148
119:1297659:M	0
120:992654:M	1	992654
121:52995:R	8	212305	479614	394117	334215	52995	113365	1138833	893321
122:1112249:R	2	1167900	1112249
123:559095:R	17	660377	970236	995884	724750	295997	297711	559095	1279153	547814	368139	1272973	1074023	1248788	983405	413666	833444	625093
124:925017:R	1	925017
125:288780:R	17	1254673	172179	288780	1375860	20846	124464	330725	562810	840322	480383	795008	373400	1080497	847268	1397156	1059381	1207798
126:893664:R	3	893664	1009514	1040653
127:1323774:R	1	1323774
128:355261:R	3	67059	355261	1257887
129:1229295:R	1	1229295
130:232383:R	1	232383
131:939869:M	5	1208275	588479	1065337	531581	79924
132:523600:R	2	1204464	523600
133:103413:R	3	777891	103413	41470
134:1217225:R	2	9275	1217225
135:1066536:M	0
136:773019:R	1	773019
137:645787:R	4	645787	325002	561033	599864
138:1363875:R	1	1363875
139:808771:M	4	692011	365940	808771	1327198
140:468326:R	5	278042	613210	468326	744148	557512
141:2948:R	9	480796	619413	83487	551579	2948	880326	728805	459716	14557
142:650205:R	13	788446	593376	830914	595560	314234	358374	1394541	1132502	1016280	1279420	650205	932618	194354
143:842586:M	1	1035011
144:696710:M	2	427827	685002
145:178770:R	1	178770
146:487144:R	1	487144
147:1131808:R	3	1179849	1116383	1131808
148:693690:M	1	316459
149:1042588:R	1	1042588
150:1337280:M	0
151:62844:R	6	62844	64715	682646	123659	1241551	124164
152:1144701:R	5	333559	1144701	711122	1056487	229327
153:1255196:R	4	1305809	943086	1151147	1255196
154:259801:R	2	259801	946576
155:1397211:R	2	300187	1397211
156:465616:R	4	1216265	887058	873137	465616
157:533777:R	4	920511	533777	491938	894379
158:681731:R	9	1240237	748182	642273	1276378	1154282	1369092	681731	710707	1200096
159:1077079:R	2	1077079	1307872
160:235312:R	12	895365	1355381	552486	195621	735677	892637	549698	1164501	172637	473719	404339	235312
161:1381107:R	3	240125	1381107	803471
162:236688:R	3	236688	223994	1096163
163:649779:R	5	625297	649779	1137479	609260	779440
164:358981:R	4	908492	358981	22729	1003624
165:949335:R	9	258212	949335	1245773	595437	482800	240209	589861	1087354	712400
166:230356:R	1	230356
167:327887:R	1	327887
168:802837:R	2	802837	518815
169:966900:R	4	966900	1313374	119649	39667
170:884634:R	1	884634
171:421493:R	5	753535	806898	154444	421493	106226
172:994631:R	2	994631	998530
173:909612:R	4	909612	194055	1189409	276788
174:1242680:R	2	95420	1242680
175:108767:R	8	558717	108767	1131694	344375	396961	111590	1056237	283246
176:234220:M	1	844292
177:809850:R	3	540878	1152116	809850
178:699587:M	1	705903
179:810776:R	3	810776	265900	807697
180:1287925:R	1	1287925
181:756638:M	1	429642
182:662656:R	8	461309	1083667	472789	470461	662656	1382940	147127	439656
183:1260402:R	2	1260402	12050
184:750893:R	5	605651	154957	750893	72928	572584
185:217652:R	2	1230093	217652
186:1127558:R	8	327964	665742	529403	1122967	1130309	1127558	518504	529415
187:21642:R	1	21642
188:56582:R	1	56582
189:1094866:R	3	1046188	1094866	161172
190:314483:R	2	314483	208903
191:1279970:R	2	1279970	239091
192:876080:R	3	16546	23401	876080
193:1060974:R	1	1060974
194:557746:R	4	221675	557746	939444	1132666
195:781576:M	0
196:494377:R	1	494377
197:865673:R	3	1195088	943446	865673
198:897464:M	4	767537	523119	1370447	1163049
199:256560:M	6	657062	290922	622458	436498	752850	678678
200:282994:R	1	282994
201:1168986:R	3	1168986	797491	315659
202:334379:R	2	334379	271416
203:1358826:R	3	1358826	1142573	358994
204:164531:R	1	164531
205:944879:R	4	1209861	944879	1276634	1053826
206:191581:R	4	1323033	1371130	435708	191581
207:342287:R	2	623775	342287
208:832504:R	4	972841	381504	832504	190452
209:91067:R	2	91067	870200
210:454924:R	5	335002	1203497	454924	264088	1342001
211:1050477:R	3	641154	704065	1050477
212:1254536:R	2	714665	1254536
213:1309645:R	1	1309645
214:177508:R	1	177508
215:563815:R	3	415728	1339106	563815
216:767935:R	6	115421	159169	1218652	728158	767935	1028932
217:746936:R	4	746936	831803	1306037	191544
218:351672:R	1	351672
219:408591:R	1	408591
220:949425:M	3	917421	1117981	949425
221:1295370:M	1	1016350
222:183554:R	1	183554
223:1167055:R	2	102415	1167055
224:804651:R	1	804651
225:362731:R	6	1374264	1291732	448507	362731	886610	1063641
226:832204:R	4	832204	322838	376313	521530
227:567518:M	2	834588	248525
228:369623:R	10	509892	369623	324381	659826	165103	206221	444865	831896	94463	390796
229:1388728:R	1	1388728
230:343292:R	5	292457	993168	1043090	223186	343292
231:1112603:R	1	1112603
232:972291:M	2	972291	689666
233:1304821:R	2	207430	1304821
234:187741:R	2	843445	187741
235:1053125:R	6	487868	1053125	323051	988090	322730	585371
236:215099:R	1	215099
237:324086:R	8	278990	536786	938782	1188258	1171142	1073291	1043074	324086
238:282447:R	3	282447	1005382	533488
239:882942:R	3	414840	882942	1273524
240:402643:R	1	402643
241:1077435:R	3	1264585	995755	1077435
242:774300:R	1	774300
243:329071:R	12	1044039	329071	1063571	1145822	1284595	724745	555243	1347199	334389	47758	1343101	374974
244:416908:R	8	1203022	1030090	416908	58559	254533	824517	79712	1955
245:808788:R	4	808788	141987	1390374	41001
246:699469:R	1	699469
247:116731:R	2	116731	188537
248:1066316:R	2	1066316	814429
249:1216412:R	3	1216412	559217	530150
250:1283176:R	3	1283176	43116	391265
251:1308196:R	1	1308196
252:133130:R	2	133130	940066
253:175118:R	6	579576	1225093	175118	150425	898157	1375726
254:824321:R	3	824321	404799	1301306
255:1358089:M	0
256:552690:R	1	552690
257:809876:R	1	809876
258:198521:R	3	627223	740945	198521
259:751396:R	3	547150	751396	959420
260:941993:R	2	603068	941993
261:343332:M	0
262:136531:R	3	300953	136531	1232757
263:1197350:R	6	311155	189098	430637	1095365	384182	1197350
264:621103:R	1	621103
265:26828:R	1	26828
266:1056376:R	1	1056376
267:221356:R	5	1241281	506011	1215159	221356	34003
268:719470:R	1	719470
269:672994:R	5	530526	420549	266757	239566	672994
270:856468:R	6	233415	609220	41213	354272	856468	575642
271:517182:M	0
272:12301:R	1	12301
273:987267:R	3	1059132	987267	917626
274:260907:R	1	260907
275:792208:R	1	792208
276:407953:R	1	407953
277:122984:M	4	236399	41993	581975	43145
278:547737:R	6	988044	707643	160883	547737	422812	1343577
279:152369:R	4	430059	190227	618861	152369
280:807358:M	0
281:431119:R	1	431119
282:525500:M	1	792841
283:1156960:R	4	204697	964320	1156960	214989
284:886203:R	11	187590	886203	915902	57763	1377925	650324	267694	1147191	405233	78924	354613
285:1154209:R	3	642057	228766	1154209
286:161235:R	20	401103	161235	597065	739961	374577	543335	1171666	119078	1110961	65386	678684	643656	412344	1190763	1212039	367622	184331	105159	373727	1269480
287:931242:R	6	377995	737283	375088	931242	583897	529184
288:185409:R	2	185409	1093547
289:243333:R	8	181386	851680	376890	919026	243333	800581	407536	511523
290:1306750:R	7	577450	141277	869203	866793	337739	1297317	1306750
291:790013:R	9	371290	826605	616112	842112	789842	1232604	790013	517460	527727
292:1257309:R	1	1257309
293:996569:R	1	996569
294:810976:R	2	810976	329754
295:142717:R	1	142717
296:636582:R	3	636582	999538	334536
297:1268356:M	1	1268356
298:1065310:R	2	812886	1065310
299:508302:M	5	1220068	345233	1287590	1285913	871800
300:1157472:R	1	1157472
301:213550:R	8	531964	213550	944894	69004	407641	1245193	625487	1369956
302:631010:R	18	495974	9524	767692	128780	111824	631010	1246287	822756	484336	772867	6432	766535	1285586	755762	112379	309598	122283	412863
303:869341:R	3	869341	343242	1039537
304:935006:R	6	935006	1201445	44625	779286	427040	1350799
305:792083:R	3	1155869	792083	1282818
306:561450:M	1	299609
307:875374:M	1	429889
308:1395821:R	1	1395821
309:384678:M	5	384678	332118	782377	1052340	688586
310:1025257:R	1	1025257
311:1034605:R	5	933424	1202853	637226	590310	1034605
312:114501:R	2	114501	1334734
313:401190:R	11	184155	970002	568223	852759	449949	401190	1339113	804025	1291900	311873	1056559
314:1017989:R	2	1017989	1323363
315:449209:R	2	449209	71076
316:1050568:R	4	616023	1050568	1335345	549750
317:1279302:R	2	181186	1279302
318:1161450:R	3	1354380	1045528	1161450
319:1098492:R	6	792924	788542	1226230	1219141	1368335	1098492
320:1128768:R	1	1128768
321:417139:R	6	417139	87918	941970	180299	570978	84758
322:1186147:R	5	1204025	1389526	1083321	1171488	1186147
323:572782:R	2	572782	73934
324:453569:R	4	1190150	453569	797611	1160144
325:1084092:R	1	1084092
326:1125621:R	3	1125621	1159985	1034841
327:36736:R	2	36736	736895
328:1122508:R	3	262689	1122508	985210
329:1222083:R	2	625779	1222083
330:1197764:R	3	927610	1197764	167776
331:1306734:R	2	1306734	605929
332:292679:R	1	292679
333:141514:R	1	141514
334:806421:R	3	1226934	806421	604229
335:737302:R	1	737302
336:793515:R	1	793515
337:1230432:R	2	1230432	1228027
338:633298:R	3	1068854	590221	633298
339:602787:R	9	703996	495965	65745	686212	111983	560073	399904	1119581	602787
340:1068629:R	2	1010182	1068629
341:1183320:R	3	1003445	1183320	908007
342:1327822:R	6	591825	404724	325545	1327822	1366508	1123962
343:710920:R	3	710920	558072	140507
344:886114:R	4	366505	1098624	886114	13258
345:1227457:R	4	1227457	288288	1033500	372695
346:1051888:M	2	536327	1077765
347:135106:R	5	583919	135106	1393434	407684	243523
348:1333047:R	1	1333047
349:1304829:R	5	674103	1304829	795732	1116750	1348401
350:122925:R	2	122925	689036
351:828040:R	3	1158481	5321	828040
352:443236:R	5	550395	443236	180564	1006727	760757
353:405120:R	4	405120	1295573	728827	272398
354:939504:R	1	939504
355:82522:R	4	787245	103219	1017916	82522
356:1176273:R	2	528328	1176273
357:1309349:R	2	1021883	1309349
358:427648:R	3	1039969	105496	427648
359:956461:R	7	983699	455704	1355060	475437	578496	510404	956461
360:1285939:R	4	1285939	866141	1060789	1171445
361:684195:R	2	167348	684195
362:1057727:R	3	634587	1057727	253853
363:275715:R	5	275715	300695	833403	1189886	282083
364:974043:R	3	974043	9337	388813
365:629336:R	1	629336
366:1317829:R	2	444831	1317829
367:162240:R	1	162240
368:498963:M	0
369:1185078:R	1	1185078
370:1266241:R	2	155627	1266241
371:866995:M	4	1382572	1117644	1343159	43143
372:1242501:R	1	1242501
373:776639:M	1	776639
374:692534:R	3	40774	551089	692534
375:1291901:R	7	804026	53506	1291901	311874	925299	1056560	400794
376:4853:R	3	893779	172576	4853
377:563937:R	7	946928	1171976	543568	1283011	483260	563937	849380
378:283725:R	1	283725
379:1159416:R	1	1159416
380:570190:M	2	815974	593570
381:82212:R	14	617589	311517	495392	964598	1085846	6198	1251316	82212	743332	1258171	432758	67293	645903	634755
382:707458:R	4	707458	449886	1126564	1321933
383:870305:R	1	870305
384:1027035:R	3	1310630	1115189	1027035
385:639271:R	1	639271
386:470020:R	6	601982	450180	601017	470020	1225494	373871
387:1251199:R	14	329928	1057499	195617	64245	249615	1251199	585060	305829	1035736	495899	237684	1137956	67506	31350
388:802088:R	2	1057139	802088
389:203522:R	3	711818	203522	854563
390:329037:M	4	22047	1267467	329037	215456
391:944820:R	7	817984	785146	655492	1092777	1205651	944820	1239591
392:218934:R	6	1042929	414763	1054365	517492	108794	218934
393:436805:R	3	308124	436805	858391
394:682089:R	1	682089
395:185277:R	4	1396795	991008	424613	185277
396:487461:R	1	487461
397:561159:R	2	820974	561159
398:339397:R	2	339397	15945
399:1088463:R	2	1088463	63605
400:814438:R	1	814438
401:596105:R	3	1370459	596105	1357845
402:427150:M	3	386877	1278032	426874
403:229142:R	6	229102	671924	1360549	751691	307162	229142
404:404691:R	1	404691
405:827015:R	2	1085293	827015
406:1013013:R	5	1013013	797887	1035533	1134141	20924
407:868930:R	1	868930
408:1081171:M	7	769607	1391481	651978	1081171	260665	742291	191419
409:1095475:R	3	1095475	1092905	942018
410:669772:M	4	1104433	1330712	669772	168241
411:1388656:R	5	535459	223303	866362	1388656	588744
412:336416:R	1	336416
413:711386:R	1	711386
414:130851:R	6	60156	1399714	588750	24485	350007	130851
415:125998:R	3	1369881	125998	1227387
416:1001573:R	2	67957	1001573
417:1046062:R	2	1349570	1046062
418:1169668:R	9	820789	1311723	953193	535223	572415	518194	519971	1273783	1169668
419:19487:R	4	1152071	1068139	19487	805879
420:287454:R	3	926338	1161845	287454
421:1276648:R	5	128585	986988	161189	315875	1276648
422:850956:R	2	409420	850956
423:1080806:R	1	1080806
424:1188233:M	2	728448	1246858
425:212108:R	5	277626	525148	609732	215100	212108
426:1344597:R	3	1344597	446767	1235627
427:1024454:R	12	1024454	857436	978436	1324808	935756	366815	1146560	13761	187637	984875	796690	1062523
428:494250:R	1	494250
429:595799:M	2	910676	595799
430:918177:R	3	36882	918177	1052827
431:201683:R	4	201683	1323314	611582	554087
432:1125578:R	2	1125578	899114
433:584469:R	12	1159141	176955	584469	1088905	69909	510206	893602	589402	973361	1375513	873093	102674
434:218676:R	8	206898	1151763	218676	1386940	937980	1368775	158478	954673
435:233192:R	1	233192
436:616094:R	4	1130941	1127993	616094	501325
437:356876:R	1	356876
438:371425:R	2	371425	1363482
439:984521:R	3	984521	822607	272944
440:172943:R	2	172943	696140
441:209448:R	1	209448
442:521114:R	12	446606	226008	1040012	1046933	811756	648460	46593	521114	146946	409842	834874	776926
443:724422:R	1	724422
444:764698:R	1	764698
445:1386879:R	1	1386879
446:1362814:R	3	415029	1362814	339172
447:244426:R	3	244426	1199463	1079682
448:553709:R	1	553709
449:597154:R	3	976513	994134	597154
450:353344:R	3	256381	518578	353344
451:949695:R	1	949695
452:1188948:R	7	387854	1188948	903489	523734	661950	1156755	248055
453:241359:M	0
454:674369:R	2	1306243	674369
455:375904:M	1	375904
456:684386:M	3	558535	603289	100627
457:1141895:R	3	1141895	625800	40077
458:498593:R	1	498593
459:1060853:R	2	1192915	1060853
460:880051:R	2	880051	1078466
461:666289:R	3	666289	565649	129129
462:439890:M	9	357937	885622	251224	1378190	1006607	152082	1243304	1100496	439890
463:462091:R	4	462091	1038610	861105	848000
464:1046559:R	2	1375334	1046559
465:1002546:R	1	1002546
466:353349:R	1	353349
467:660220:R	3	171929	923102	660220
468:1250398:R	1	1250398
469:173832:R	1	173832
470:937507:R	1	937507
471:1352772:R	1	1352772
472:1271678:R	3	1271678	587251	1245468
473:575331:R	6	40948	554049	575331	1303182	581181	161920
474:51710:R	1	51710
475:1088967:R	1	1088967
476:1113421:M	0
477:452007:R	4	452007	1055350	1397767	352798
478:1359778:R	2	1359778	768495
479:291777:R	1	291777
480:731945:R	1	731945
481:100622:R	3	710646	100622	135796
482:702855:R	9	763245	33344	776727	649793	212918	941595	702855	109946	511383
483:252462:R	1	252462
484:431690:R	3	831540	179826	431690
485:799813:R	1	799813
486:486640:R	20	197974	572099	99288	486640	685042	1369204	64434	684124	733606	686672	223114	542599	539573	836147	877828	396859	65049	707183	838037	1301217
487:350889:M	2	350889	623568
488:292013:R	3	292013	779079	655458
489:399818:R	3	513695	399818	307576
490:788847:R	2	532536	788847
491:1084431:R	9	769957	1171272	1084431	698560	989713	1209423	442751	1252948	689953
492:103139:R	5	1195577	103139	991672	1260733	305932
493:52594:R	1	52594
494:942341:R	5	942341	940355	1009554	1101172	568256
495:667290:M	0
496:440182:R	4	97407	96303	440182	1367746
497:654735:R	2	654735	671538
498:1290217:M	2	1260467	1351801
499:874259:R	1	874259
500:176696:R	3	1065237	176696	564093
501:708879:R	1	708879
502:772292:R	1	772292
503:581604:R	2	410221	581604
504:1235364:R	12	768305	1165602	459207	618744	525161	1032800	1012417	477347	1235364	477428	1018130	78720
505:1288717:R	4	700199	1288717	545986	1181328
506:930778:R	2	791838	930778
507:1033010:R	11	1033010	21791	1284055	361731	548510	539171	1301424	133512	539129	566236	1072726
508:798900:R	3	798900	681965	605275
509:9189:R	4	420420	9189	404968	54126
510:38779:R	2	151725	38779
511:383321:R	1	383321
512:1337487:R	4	329402	1337487	1030087	9966
513:1174566:R	2	1332310	1174566
514:573127:R	1	573127
515:282838:R	6	403679	458413	1118775	282838	785941	222033
516:786979:R	1	786979
517:744001:R	5	744001	897605	1334982	1016817	959274
518:1367847:M	0
519:573780:R	2	878067	573780
520:293147:M	0
521:32231:R	1	32231
522:425429:R	2	1346417	425429
523:589702:M	2	914491	415890
524:114832:R	11	851886	644361	114832	178080	118393	1284990	1376197	1120362	779904	1202020	1061165
525:1107071:R	4	762206	1107071	87732	181984
526:474546:R	2	820423	474546
527:370092:R	3	262375	370092	395822
528:1644:R	1	1644
529:1111455:R	4	607492	1111455	101793	1028246
530:1378224:R	5	133276	1046513	1056072	429649	1378224
531:1323564:M	0
532:346535:M	0
533:1114863:R	2	1114863	688353
534:361084:R	1	361084
535:136444:R	12	136444	891957	1012479	1023350	1046875	408176	1110871	667315	655705	213171	1262909	1182905
536:1188738:R	3	1121651	10525	1188738
537:438305:R	1	438305
538:941682:R	3	941682	1395973	931790
539:569146:R	3	1215347	3763	569146
540:399422:R	3	399422	115432	1045598
541:56444:R	4	336705	56444	14956	646278
542:20322:R	2	20322	831187
543:1060545:R	5	302806	928045	573676	480685	1060545
544:467484:R	2	1056121	467484
545:1352583:M	0
546:956683:R	8	283656	531170	395826	349452	956683	281433	829509	1293320
547:458976:R	1	458976
548:668726:R	1	668726
549:171984:M	4	982424	233109	1220271	171984
550:48603:R	2	1235635	48603
551:3750:R	3	3750	1196657	961509
552:192675:R	2	442632	192675
553:960208:R	1	960208
554:279044:R	10	258204	99525	90573	653938	1396147	411243	1078295	279044	510370	600713
555:285857:R	2	169066	285857
556:325591:R	2	325591	811582
557:789652:R	3	836461	1090263	789652
558:216101:R	2	216101	1167083
559:1298873:R	10	1076117	573430	939920	1009377	1189191	1298873	1170804	598368	738975	335253
560:1215657:R	2	1215657	558125
561:156628:R	1	156628
562:43471:M	2	317715	377708
563:525131:R	2	525131	76612
564:1391890:R	9	831258	1321777	22232	1201230	448846	197071	999838	1137229	1391890
565:148473:M	4	1086741	222456	148473	371623
566:1247295:R	1	1247295
567:770065:R	7	549211	595347	1078692	1386920	770065	26929	536462
568:1271468:R	3	1271468	976078	71541
569:1096467:R	3	238381	897504	1096467
570:655237:R	7	1307134	1113267	1382312	521441	262292	808515	655237
571:593908:R	8	796561	863808	844689	1357370	1011014	904540	593908	71523
572:730383:R	3	730383	352683	954226
573:482223:R	4	1062441	482223	1200229	811018
574:486382:R	1	486382
575:1170613:R	1	1170613
576:172436:R	1	172436
577:1024841:R	3	1024841	1042233	382607
578:1363460:R	2	1363460	462642
579:1357408:R	5	1314295	1092271	1357408	1089253	452830
580:866540:R	6	1331380	866540	927037	491769	1147713	595117
581:1340980:R	5	519693	1340980	230588	372477	594958
582:214901:R	3	349755	214901	855202
583:1315674:R	1	1315674
584:67780:R	4	262645	1190809	67780	911537
585:854848:R	1	854848
586:593892:R	9	665771	876098	435643	994074	891982	438282	1286842	783260	593892
587:52801:M	0
588:565415:M	0
589:837814:R	9	685217	832127	857850	833457	464716	1268485	1113173	837814	699992
590:285:R	3	986169	285	992407
591:217145:R	2	217145	547416
592:23537:R	1	23537
593:148330:M	4	1001666	780609	756678	809642
594:682345:R	1	682345
595:920978:M	3	554091	618018	613596
596:122868:R	4	122868	905162	437400	116810
597:831230:R	4	417334	831230	1190564	360734
598:343641:R	2	1110316	343641
599:649033:R	1	649033
600:947791:R	2	947791	992668
601:39027:R	3	39027	1046238	942178
602:813917:R	1	813917
603:303370:R	5	303370	1049411	1286093	1241908	1133361
604:327120:R	9	395155	1179104	327120	1177984	1193686	703410	795964	268405	396288
605:316197:R	2	1245891	316197
606:228408:R	4	806457	835931	736121	228408
607:1284827:R	7	1245301	630724	40532	1284827	393574	42412	320764
608:1259002:M	2	685674	262470
609:629705:R	2	1034762	629705
610:1291685:R	5	653855	1291685	692932	185583	1186082
611:978156:R	5	1228802	251882	720987	978156	1116033
612:1371011:R	4	261549	106252	505013	1371011
613:382560:R	1	382560
614:1299699:R	4	1299699	189648	1174246	491716
615:138822:R	7	96786	138822	54505	1320040	699459	361933	427379
616:223273:R	1	223273
617:307527:R	4	236787	307527	1217192	603981
618:1120625:R	3	1120625	320712	1373054
619:1081438:R	4	1081438	653541	180020	1046110
620:119433:R	4	1341917	119433	1002670	37808
621:330093:R	22	640506	892051	330093	168751	1361403	604610	485730	1238881	429015	321966	845009	939872	424184	521674	88996	830030	411040	691289	1304835	129995	1038964	914310
622:715565:R	4	715565	220863	218522	358614
623:980257:R	1	980257
624:41281:R	2	41281	1099200
625:608016:R	53	1201344	639508	913616	1389414	237630	1371934	62308	633685	707976	446495	545882	909726	1000788	1138245	641618	898710	684639	479890	499642	1303620	770756	115834	758702	1110861	1318003	755002	40349	250871	848845	961413	630335	474066	997330	876493	1055498	753510	383113	655555	913100	727612	885289	558264	971287	915428	716666	1248679	64545	123693	608016	519506	479566	468361	400489
626:985456:R	1	985456
627:271074:R	1	271074
628:857484:R	3	785517	857484	1290079
629:652323:R	1	652323
630:442524:R	2	442524	451676
631:748308:R	8	635601	652743	848630	476689	675124	468052	748308	394159
632:762172:R	3	474247	190216	762172
633:372001:R	1	372001
634:183041:R	4	1329455	183041	678976	655719
635:129615:R	1	129615
636:872952:R	27	136273	318942	317156	551008	1020463	1026810	170871	1207136	374342	402466	654223	518728	1074845	148875	1082021	328175	872952	920032	1087769	537268	766652	145878	768563	333352	722356	1265603	457177
637:634737:R	1	634737
638:1363660:R	5	1363660	620583	353813	30438	320789
639:1139980:R	1	1139980
640:1108363:R	3	871939	377098	1108363
641:1221929:M	5	193966	594791	1094741	669528	410360
642:99940:R	2	1022747	99940
643:936573:R	1	936573
644:321203:R	2	321203	1259548
645:249775:R	3	249775	1260862	417152
646:918628:R	1	918628
647:225510:R	4	506013	1099544	225510	678030
648:167206:R	4	543080	1067702	1033841	167206
649:236690:R	2	1359976	236690
650:74746:R	8	954081	903226	1336729	859503	1040025	705541	74746	595516
651:1253538:R	1	1253538
652:119144:R	3	154734	516998	119144
653:486747:R	2	556804	486747
654:1320008:R	2	1320008	628000
655:816627:R	2	816627	1203285
656:901547:R	1	901547
657:785966:R	4	785966	440026	770693	1144505
658:710864:M	1	935960
659:934495:R	2	746391	934495
660:1348614:R	11	1283239	116955	129310	586958	1020363	827063	1391898	788234	239371	865697	1348614
661:938638:R	5	163260	779098	330147	473884	938638
662:615837:M	8	615837	1035349	1147474	936098	1264222	61488	740581	859391
663:1081755:R	2	1081755	226469
664:1179305:R	7	1255474	803965	194810	563503	824615	946018	1179305
665:299400:M	1	465310
666:1220425:R	2	477692	1220425
667:838435:R	6	1170447	935558	924320	530065	838435	447357
668:478871:R	7	206380	383937	1210041	1151927	478871	206544	1196223
669:45908:R	3	1361647	1073054	45908
670:150067:R	3	1314891	594778	150067
671:1107940:R	2	1107940	1392720
672:360720:R	5	1233595	360720	278854	988988	828748
673:1241368:R	2	1189570	1241368
674:415066:R	1	415066
675:934204:R	1	934204
676:277677:M	1	913443
677:653168:R	2	880033	653168
678:298543:R	6	298543	956685	1033089	475141	167825	132791
679:1034969:R	5	1034969	568776	1078857	1211864	1243728
680:402101:R	5	83400	1024769	1366687	173358	402101
681:320485:M	2	308209	409936
682:441953:R	1	441953
683:7424:R	5	5843	959855	7424	913319	36591
684:1345330:R	4	124526	918298	1345330	1170934
685:669161:R	1	669161
686:1266880:R	1	1266880
687:493488:M	2	286035	493488
688:300007:R	2	492332	300007
689:298080:R	2	120842	298080
690:1131487:R	1	1131487
691:741378:R	1	741378
692:337855:R	1	337855
693:632692:R	1	632692
694:35198:R	1	35198
695:60724:M	4	955766	60724	347699	1385644
696:1022787:R	13	99470	1239752	218764	794395	1024380	835969	1200705	255578	167633	1022787	1342373	721899	688593
697:1148908:R	2	458315	1148908
698:118037:R	2	1174664	118037
699:716925:M	3	245620	398683	624657
700:461171:R	1	461171
701:126333:R	6	488639	1030318	832627	424179	126333	642846
702:560980:R	3	531474	1297545	560980
703:1003530:M	12	807913	1269219	487227	42445	878979	131786	609313	725890	154986	686731	562665	313783
704:1317106:R	3	1322760	672844	1317106
705:1174116:R	1	1174116
706:92919:R	1	92919
707:28420:R	4	452373	28420	1219889	906954
708:867451:R	2	170950	867451
709:258697:R	3	258697	863033	1069716
710:1094315:R	4	1061316	694528	40598	1094315
711:124772:R	3	124772	79047	731239
712:1324494:R	1	1324494
713:151332:R	5	1141710	423052	1075135	559875	151332
714:1086299:R	1	1086299
715:1152864:R	3	179071	172915	1152864
716:473475:R	1	473475
717:1020624:M	14	21058	1040894	320811	973690	662469	1334319	1219571	1020624	549307	269802	661590	1167059	139190	602792
718:678185:R	5	17163	387386	783161	343469	678185
719:344717:R	3	344717	355239	501227
720:1338234:R	9	869724	326549	85710	636285	850651	619942	1338234	564063	353330
721:228728:R	4	156579	228728	991815	856573
722:1321271:R	3	1321271	1380313	320800
723:1052795:R	1	1052795
724:1227405:R	2	1227405	550348
725:83237:R	1	83237
726:1005291:R	1	1005291
727:708048:R	2	708048	636502
728:605248:R	3	520468	367903	605248
729:1073977:M	0
730:1050582:M	4	350182	815577	523424	235785
731:670455:R	3	670455	1207566	795850
732:921057:R	2	1352224	921057
733:907100:R	8	741386	126540	391604	1172805	559445	585522	907100	1383943
734:1110517:R	5	503220	1110517	1269146	123641	1322836
735:879664:R	2	879664	852765
736:172375:M	6	1152372	770274	172375	644177	590335	849449
737:708838:R	2	1157911	708838
738:943696:R	6	242999	218414	943696	147095	259116	871340
739:1023580:R	23	1378973	237234	1164890	825360	771326	924440	1383889	446396	934707	198534	478676	127032	462450	1038212	999628	1137019	1023580	541046	219853	269325	321521	853132	1060426
740:1299063:R	2	1299063	908706
741:1295704:R	1	1295704
742:334688:R	29	760061	520213	549268	696402	30027	770010	594836	647550	460278	694214	1194951	334688	944872	1200337	542140	1343135	917608	454102	706824	606123	460125	761006	549801	846736	627844	565254	1273960	123185	277124
743:917770:M	0
744:247213:R	8	324234	957012	1124234	1078736	247213	479114	277514	562990
745:1130306:M	4	1139709	1061209	903134	1141513
746:1129591:R	11	630094	585163	1129591	407141	1116804	582834	747474	543090	12519	461568	29695
747:981627:M	3	879817	276162	981627
748:847197:R	2	847197	1103195
749:296013:R	1	296013
750:1147689:R	2	967102	1147689
751:1393439:M	2	970715	1393439
752:611155:R	4	116025	718197	713144	611155
753:877211:R	7	525384	877211	49703	531511	275509	50711	471365
754:92676:R	1	92676
755:1380048:R	2	792159	1380048
756:52304:R	3	259138	52304	1110077
757:1367936:R	8	800919	245734	1367936	753200	441254	1078066	1313010	535669
758:338840:R	9	937448	604581	630669	563589	1348681	331624	272928	338840	1256772
759:1276954:R	4	1276954	522076	363182	930258
760:170881:R	4	124275	1061835	170881	1110729
761:569527:R	2	569527	97326
762:581678:M	1	482320
763:845978:R	2	330231	845978
764:329500:R	1	329500
765:37913:R	3	37913	1057852	510258
766:1019811:R	2	884078	1019811
767:1293396:R	8	264199	900324	630246	951380	1293396	27103	137068	1192426
768:764248:R	2	334384	764248
769:637145:R	3	637145	953743	1059567
770:293205:R	3	1030653	1208773	293205
771:469175:M	1	312777
772:130230:M	0
773:1288067:R	1	1288067
774:1118786:R	24	143421	380478	334723	855629	994357	392865	158144	952407	650703	27054	665803	853724	1019960	417102	940942	1119507	145815	509269	706524	1332568	2662	701391	1118786	699813
775:822482:R	3	604990	822482	512588
776:782622:R	3	73540	321624	782622
777:131466:M	3	848739	632352	131466
778:1225146:R	1	1225146
779:1373676:R	5	53618	436158	1262008	1373676	1080517
780:583804:R	3	527592	1064387	583804
781:102816:R	5	712049	1304164	297534	102816	722535
782:339000:R	1	339000
783:90833:R	1	90833
784:531870:R	2	118471	531870
785:94473:R	7	223962	673608	864758	262774	94473	886664	421512
786:1085011:R	2	1085011	149544
787:791140:R	2	791140	1094689
788:1073777:R	9	988914	148529	557079	1118619	455013	939027	1073777	230686	694610
789:89826:R	24	312550	1357728	396366	766971	872605	815033	815168	815078	991720	815213	815258	815348	815303	529300	147780	753554	510225	208100	146099	748950	620540	31600	170681	89826
790:231393:R	2	231393	120527
791:388910:M	0
792:806700:M	8	617556	192720	1281572	99937	1078610	278955	266826	1235414
793:1387921:R	1	1387921
794:302134:R	3	438718	302134	292086
795:688433:R	1	688433
796:472100:R	10	27770	681270	472100	272047	149650	947015	593960	1301278	1364125	478369
797:555212:R	5	165022	966921	555212	1256498	864664
798:588898:R	1	588898
799:29281:R	3	29281	493602	632818
800:295022:R	3	81474	1027646	295022
801:268159:M	2	268159	399759
802:613650:R	2	613650	1172800
803:161555:R	2	1250669	161555
804:260933:R	6	222888	993516	360022	1376403	886588	260933
805:862665:R	4	987377	833827	862665	517646
806:89702:R	3	1337276	89702	870352
807:317269:R	4	1167856	317269	58273	1280501
808:615050:R	1	615050
809:533364:R	2	847188	533364
810:1076938:R	5	1076938	772075	911713	237491	524017
811:957178:R	5	1257505	661744	1102172	957178	1383045
812:1061608:R	3	1061608	189888	635935
813:1101308:R	2	1291055	1101308
814:1047098:R	3	1047098	1365704	160961
815:25501:R	1	25501
816:523089:M	10	1282561	184823	194990	698395	503185	774389	523089	1362130	1158794	98155
817:254990:R	11	1139288	254990	373934	1083193	831507	643165	1270983	226261	791907	1128589	160245
818:883583:R	3	883583	923443	65866
819:667015:R	1	667015
820:988209:R	6	988209	742562	421134	1259129	481087	637489
821:970059:R	7	753146	41999	195522	481393	970059	105293	814985
822:141166:R	4	1077678	67437	141166	1190748
823:177238:M	3	138459	177238	645045
824:621526:R	1	621526
825:1141279:R	4	291475	1141279	647625	1081654
826:1294611:R	2	1294611	724955
827:795541:R	2	603121	795541
828:1058139:R	9	1058139	845816	615411	1346552	1305812	737521	34167	513574	17999
829:455795:R	5	301131	135078	3102	455795	671017
830:917611:R	29	227686	1211264	542143	422127	816328	639202	872955	79636	567066	155024	521804	1077830	1193896	1233660	478500	950768	902451	853961	454082	30448	1343138	482891	218528	1202739	153463	413273	456981	917611	1327
831:13418:R	10	1284454	369733	1367101	767946	178077	179063	30563	1102238	885093	13418
832:426460:R	4	642096	426460	437244	753575
833:1175195:R	2	1303053	1175195
834:887894:R	9	343943	133947	886046	887894	1107735	145942	534944	509519	875384
835:97717:R	5	97717	374016	844398	600170	3125
836:113968:R	2	482021	113968
837:571489:R	3	751160	866789	571489
838:183569:R	2	1287914	183569
839:61801:R	1	61801
840:179689:R	4	179689	944429	1347874	224318
841:578697:R	1	578697
842:1125797:R	2	1125797	1018624
843:886306:M	5	245084	402805	190461	147433	427977
844:344283:R	2	344283	917265
845:1238240:R	3	644481	809882	1238240
846:207981:R	3	616925	603436	207981
847:134305:M	0
848:154263:R	6	650482	84628	430552	1398105	13947	154263
849:813800:R	2	686815	813800
850:1148079:R	5	498414	766784	20506	1148079	987757
851:1253903:M	9	822891	211916	363531	509018	580713	126620	1296852	1383261	1395114
852:727699:R	2	727699	290538
853:700889:R	1	700889
854:1372720:R	1	1372720
855:887866:R	1	887866
856:574277:R	7	1092328	770683	574277	129216	483401	167120	310438
857:210769:R	5	1044187	210769	315291	26237	1375830
858:240045:R	1	240045
859:612923:R	3	1085602	365	612923
860:536254:M	0
861:390345:R	5	958057	390345	1191769	1190853	523504
862:750224:R	3	58258	1321684	750224
863:1367833:R	6	1315938	1367833	1234064	1378831	101371	472862
864:966332:R	4	829122	1291184	1388360	966332
865:695153:R	2	695153	985981
866:522361:R	1	522361
867:1297091:R	2	1297091	433355
868:44825:M	0
869:1139041:R	7	377064	1380279	1139041	1001584	965085	81134	1295363
870:1011538:R	7	549076	1397829	1384771	494647	1011538	1096764	730066
871:464345:R	4	805502	464345	700195	366945
872:1095432:R	1	1095432
873:976562:R	1	976562
874:530346:R	1	530346
875:1123838:R	3	1123838	806938	579106
876:357815:R	1	357815
877:883990:R	3	786445	1351889	883990
878:1259500:R	4	484500	751516	837957	1259500
879:63004:R	3	1043215	570724	63004
880:781953:R	1	781953
881:1347861:R	9	1189514	263749	64141	691200	1347861	570227	89108	1210815	373761
882:1361027:R	1	1361027
883:505626:R	2	158647	505626
884:194932:R	2	194932	1346202
885:556843:R	1	556843
886:1312217:R	2	1312217	1323948
887:171986:R	6	493942	893306	171986	1032834	321933	890700
888:1316859:R	2	1316859	829924
889:187397:R	8	498174	142477	862754	187397	93190	423298	400458	630472
890:207378:R	1	207378
891:175163:R	1	175163
892:792181:R	2	341987	792181
893:460785:R	5	460785	383409	1315664	1027778	859155
894:634917:R	7	681801	1343102	634917	918393	374975	540694	257661
895:628517:R	2	883763	628517
896:107339:R	2	752098	107339
897:604664:M	3	560555	356980	386257
898:1189838:R	5	1189838	19777	1264678	542924	244599
899:1043624:M	2	689985	1043624
900:1313609:R	4	1347480	408657	1155230	1313609
901:181172:R	2	181172	1050079
902:1059666:R	6	320662	1059666	1194191	1101871	1292298	1209547
903:182458:R	5	967865	284233	182458	1001757	348985
904:164808:R	5	413737	714099	164808	577244	335497
905:357107:R	4	1197222	459308	608117	357107
906:705673:R	2	681934	705673
907:355765:R	1	355765
908:164655:R	3	602043	1066309	164655
909:706557:R	4	1166908	1174382	706557	931871
910:956751:R	6	1157433	1370571	460647	956751	1065905	871094
911:863563:R	4	1050192	805151	863563	234791
912:682793:R	12	971163	682793	1301924	247078	226193	192645	1009022	1278821	900911	227158	1498	645807
913:351031:R	3	1373970	351031	386377
914:871643:R	2	871643	1100753
915:1044351:R	4	914917	1031382	313605	1044351
916:200513:R	1	200513
917:658622:M	2	617715	384590
918:1084091:R	3	814959	1084091	1058925
919:342860:R	3	342860	83144	1116600
920:112174:R	1	112174
921:197598:R	4	1071911	197598	1382241	1181604
922:1212483:R	2	1384033	1212483
923:461683:R	1	461683
924:872614:R	2	872614	239116
925:965190:R	4	41824	965190	199466	191180
926:203687:M	6	122672	735647	1076054	1314725	1358575	939837
927:330312:R	2	780175	330312
928:575633:R	1	575633
929:79854:R	1	79854
930:1127926:R	2	1127926	537474
931:32619:M	0
932:365464:M	2	505136	211136
933:705747:R	1	705747
934:544527:R	3	298965	544527	949310
935:1054332:M	1	1054332
936:1095755:R	2	1095755	688443
937:2059:R	6	949238	2059	477232	1090250	83177	672671
938:1166541:R	2	1123966	1166541
939:221587:R	4	111127	657830	221587	642617
940:132627:M	0
941:716609:R	1	716609
942:1241882:R	3	577513	1241882	955757
943:466710:R	1	466710
944:453805:R	6	48093	130423	1030368	453805	709908	1153769
945:184770:R	3	577175	184770	702496
946:217169:R	2	217169	155551
947:690979:M	1	690979
948:345474:R	1	345474
949:200482:M	0
950:575834:R	2	617879	575834
951:910153:R	1	910153
952:702010:R	4	299982	702010	44890	224106
953:1216973:R	2	1216973	1396348
954:359202:R	2	359202	1371596
955:1204829:R	1	1204829
956:342143:R	1	342143
957:103565:R	1	103565
958:1362373:R	3	956390	333424	1362373
959:122283:R	18	495974	9524	767692	128780	111824	631010	1246287	822756	484336	772867	6432	766535	1285586	755762	112379	309598	122283	412863
960:469937:R	2	733331	469937
961:931134:R	1	931134
962:1112175:R	3	1112175	1150118	80518
963:65656:R	1	65656
964:696663:R	1	696663
965:742175:R	1	742175
966:1283227:R	2	215971	1283227
967:329020:R	6	1259347	1262733	851394	329020	1122884	1384385
968:87402:R	4	1029575	87402	468044	496743
969:1375349:R	1	1375349
970:1193962:R	6	201348	294268	1193962	1198326	1326240	976166
971:495487:R	2	495487	815445
972:343423:R	1	343423
973:390853:R	2	1343903	390853
974:222833:R	1	222833
975:1236741:R	8	614380	515435	616915	212934	1236741	963003	523088	1158793
976:74626:R	2	945513	74626
977:512508:R	3	167030	512508	769634
978:858255:M	6	858255	889199	98745	140164	162358	408081
979:897422:R	2	897422	265567
980:837842:R	2	837842	51924
981:230163:R	9	492685	126656	926128	1220033	1248504	1248071	1252338	230163	95726
982:1381969:R	2	1381969	412738
983:349298:R	3	863916	386419	349298
984:693024:R	3	554778	114922	693024
985:1132980:R	4	928088	158112	720032	1132980
986:747782:R	1	747782
987:973711:R	2	973711	260996
988:333076:R	3	482318	1257073	333076
989:619012:M	1	993918
990:1010113:R	4	1361753	145325	408852	1010113
991:236138:R	3	750388	236138	83333
992:750054:R	1	750054
993:726737:R	5	895990	288711	726737	1186378	1273460
994:590504:R	2	590504	1135652
995:866827:R	1	866827
996:455230:R	2	244583	455230
997:544905:R	1	544905
998:194789:R	7	831184	1278167	304212	167919	1356940	1157529	194789
999:135064:R	2	1282595	135064
1000:298354:R	1	298354
1001:84305:R	2	56238	84305
1002:590606:R	1	590606
1003:950922:R	1	950922
1004:487207:R	3	1163740	487207	310021
1005:298604:R	2	298604	515819
1006:639259:R	8	1223368	17924	21852	1217941	349568	402622	569932	639259
1007:258968:R	1	258968
1008:924573:R	3	1123191	924573	309275
1009:1061427:M	7	900096	694832	575569	1320883	1100417	732680	833561
1010:685093:R	3	685093	1227289	1085332
1011:1354403:R	3	831973	1354403	604628
1012:481279:R	2	481279	181775
1013:1101634:R	2	551460	1101634
1014:192194:R	2	333206	192194
1015:343123:R	1	343123
1016:721315:R	3	1323144	164833	721315
1017:614276:R	3	877902	141007	614276
1018:203227:R	2	203227	235394
1019:1168696:R	1	1168696
1020:554756:R	2	413795	554756
1021:362754:R	1	362754
1022:1122836:R	4	1122836	547634	1355350	1215962
1023:47787:R	1	47787
1024:841619:M	3	841619	491050	583295
1025:76149:R	2	76149	1255601
1026:1089962:R	4	1154459	1089962	242643	137923
1027:878379:M	1	563533
1028:37968:R	6	1320451	37968	517119	599471	116306	69294
1029:431353:R	4	440925	260490	431353	1373840
1030:540488:R	3	540488	1324390	734033
1031:1065726:R	1	1065726
1032:862619:R	28	23002	1195789	27133	278916	862619	760401	1019263	1264708	665720	61960	423331	170584	845742	1304360	330715	148232	516336	1342378	719143	271958	889848	1073880	785365	22042	767572	659596	446834	1211121
1033:926897:R	1	926897
1034:707235:R	2	310359	707235
1035:638692:R	2	664117	638692
1036:150236:R	3	255821	965905	150236
1037:55549:R	7	690720	933582	445337	551411	517378	55549	772754
1038:693683:R	2	1032707	693683
1039:61104:R	1	61104
1040:777884:R	2	971117	777884
1041:832853:R	9	832853	332685	979818	521297	1085247	1222705	1360394	448792	563757
1042:224391:R	2	1116863	224391
1043:555061:R	4	555061	1094364	779846	1146564
1044:402878:M	1	1287708
1045:1209050:R	4	706892	1361961	728472	1209050
1046:1299583:R	4	1032831	1299583	20089	1243981
1047:398774:R	1	398774
1048:725286:R	6	884499	1104705	494361	754427	725286	302052
1049:478059:R	14	1295060	478059	410405	1251287	401201	245037	961323	279489	718463	272643	335154	951822	395462	895031
1050:161792:R	3	265948	1142596	161792
1051:890276:R	1	890276
1052:803443:R	6	803443	1083839	186109	830776	1023889	613488
1053:621054:R	3	621054	1310415	1306361
1054:1185927:M	2	918943	648476
1055:1230957:R	2	533088	1230957
1056:844992:M	0
1057:246738:R	8	177753	246738	155115	1075104	153946	1147260	257169	833195
1058:1370308:R	1	1370308
1059:947980:R	6	741086	847349	1057190	947980	774736	166315
1060:423119:R	2	423119	794423
1061:1055780:R	3	1055780	730389	1011808
1062:684128:R	13	901224	499434	36804	684128	552549	909280	233300	1207046	627434	883622	1317650	700801	500611
1063:884556:R	1	884556
1064:1257157:R	5	868810	464904	839552	1257157	857114
1065:1099257:R	6	1099257	1260854	871442	905234	934672	1009106
1066:513058:R	5	1154585	513058	835205	1084411	879870
1067:288086:M	1	166392
1068:263872:R	2	168311	263872
1069:514676:R	6	635271	514676	682888	584413	33476	476057
1070:669748:R	3	1332633	133499	669748
1071:410518:M	2	148115	1051139
1072:1113908:R	2	448249	1113908
1073:538850:R	2	702944	538850
1074:354939:R	2	354939	1323964
1075:531138:R	1	531138
1076:662538:M	1	887481
1077:558600:R	3	379163	931721	558600
1078:443183:R	5	1100800	1220875	121217	443183	548900
1079:1058741:R	1	1058741
1080:1209512:R	1	1209512
1081:981269:R	1	981269
1082:616141:R	1	616141
1083:1297374:R	5	1297374	524284	655972	1213986	1176525
1084:775399:R	1	775399
1085:106447:R	12	1246687	169184	106447	182253	537857	674749	842577	1386980	805525	233348	455218	533122
1086:1186830:R	2	294221	1186830
1087:109292:R	2	7056	109292
1088:476129:R	1	476129
1089:762001:R	2	828995	762001
1090:213553:R	2	584449	213553
1091:386359:R	3	386359	277232	601276
1092:892353:R	1	892353
1093:282482:R	1	282482
1094:436496:R	2	643687	436496
1095:635345:R	1	635345
1096:1286736:R	5	1286736	332144	747865	750374	952753
1097:963724:R	2	963724	1362523
1098:10817:R	3	10817	285981	212596
1099:1198925:R	4	1198925	1365866	1325043	307582
1100:155873:R	2	155873	1266395
1101:233802:R	6	1146702	950565	241722	507363	15457	233802
1102:288144:R	2	288144	1253642
1103:454581:R	3	1326371	908481	454581
1104:1007022:R	1	1007022
1105:1320174:M	3	76148	1255600	391077
1106:587209:R	6	45819	1188259	587209	142333	1072302	1172885
1107:592987:R	10	95963	1232088	1177382	230179	98224	592987	1241924	352537	390204	1349626
1108:1370475:M	2	1111511	1370475
1109:1389996:R	2	524943	1389996
1110:1239187:R	1	1239187
1111:350414:R	2	1275310	350414
1112:143762:R	28	547425	1291519	1240204	962195	1021563	327797	1132128	1291174	269658	1281263	834799	370518	595221	674509	1082235	627782	845739	889845	659593	70448	1146263	1213128	143762	811759	592000	1088733	418456	1278570
1113:106781:R	3	1362834	106781	258893
1114:629391:R	3	335732	902234	629391
1115:12804:R	5	240744	1059546	66019	1308692	12804
1116:50838:R	1	50838
1117:1367628:R	4	1367628	420966	576729	1206066
1118:266389:R	3	989203	1112159	266389
1119:1296338:R	1	1296338
1120:1104089:R	6	935955	79515	153875	1295685	817317	1104089
1121:1385690:R	2	1385690	748
1122:1354855:R	2	1354855	983801
1123:876676:M	6	624178	391087	43692	618749	318326	398939
1124:1105034:R	5	156496	1105034	527857	84552	828294
1125:673755:R	1	673755
1126:313390:R	1	313390
1127:517902:R	4	541702	517902	1266227	486150
1128:701162:R	3	1330694	701162	955986
1129:646550:M	5	1243100	30604	186718	750086	485054
1130:559310:R	3	1115531	559310	904551
1131:994447:R	9	994447	167112	573867	1022951	1032959	1304312	624229	838578	97892
1132:221208:R	7	1084618	1109340	163832	1156585	221208	831550	405170
1133:1398152:R	3	1398152	496381	426375
1134:63815:M	12	563606	815004	861139	111973	771421	124803	124806	64757	285893	1078745	124161	1187548
1135:815094:R	11	478953	815184	815139	815229	815094	815274	815364	815319	182417	1187408	185975
1136:963200:R	3	963200	1050921	193389
1137:104959:R	4	104959	860380	187828	90890
1138:1188587:R	1	1188587
1139:989253:R	10	1171681	403574	292695	217908	971850	565081	534773	989253	1059131	917625
1140:874892:R	1	874892
1141:1320551:R	3	1320551	959560	341326
1142:695912:R	1	695912
1143:870906:R	6	870906	957667	975719	864901	246409	493029
1144:935852:R	4	1286448	935852	710243	685958
1145:154921:R	5	31745	154921	988368	569416	333034
1146:511614:R	1	511614
1147:190551:M	2	1182041	62939
1148:757259:R	3	892982	490909	757259
1149:606145:R	5	129408	606145	1352457	659753	890117
1150:819481:R	18	905809	943228	177361	1167372	510935	416320	819791	819636	819481	1009908	1167282	1216227	631366	247778	180504	1224895	255349	360260
1151:280299:R	1	280299
1152:148576:R	5	1052880	437854	1144463	27547	148576
1153:684953:R	3	531184	684953	245850
1154:190464:R	3	298700	190464	622335
1155:1144494:R	1	1144494
1156:1232793:R	1	1232793
1157:379129:R	3	1222358	485951	379129
1158:1038165:R	13	1038165	706888	1233351	763982	541035	105199	859571	1301291	708263	703646	1285791	2229	33698
1159:904281:R	3	689541	755743	904281
1160:1098711:R	5	156977	1306772	2840	796948	1098711
1161:659808:R	4	228375	659808	1276473	586545
1162:863433:R	1	863433
1163:100153:R	3	100153	857714	1170526
1164:117117:R	3	554292	117117	440200
1165:846963:R	2	750847	846963
1166:1186915:R	3	1186915	417468	232457
1167:63593:R	3	1309282	63593	755779
1168:349558:R	1	349558
1169:1063545:R	1	1063545
1170:1360506:R	1	1360506
1171:722445:R	3	1074814	220508	722445
1172:1009710:R	1	1009710
1173:250680:R	4	978555	791391	525164	250680
1174:781289:R	4	1045305	932176	1058929	781289
1175:106679:R	1	106679
1176:592330:R	3	534118	592330	967606
1177:833653:R	3	1389071	58896	833653
1178:526301:R	3	526301	118894	891605
1179:633286:M	0
1180:250670:R	2	212519	250670
1181:965710:R	3	965710	492238	548795
1182:291615:M	1	290405
1183:757480:R	1	757480
1184:605688:R	5	605688	1074448	1087547	60977	472920
1185:679206:R	6	679206	445140	861929	572101	330079	101652
1186:747641:R	5	525997	775268	747641	1137494	1393528
1187:575904:M	0
1188:278398:R	5	278398	530871	1154114	863899	1168723
1189:51623:R	4	1245789	51623	405089	241314
1190:162094:R	2	1111889	162094
1191:526026:R	3	769621	132218	526026
1192:1063392:R	5	1063392	1069682	432679	136479	321801
1193:1103112:R	1	1103112
1194:336268:R	2	365129	336268
1195:81631:R	10	1249577	279108	466024	862843	1146800	1244799	322569	416022	81631	375914
1196:449:M	1	23645
1197:186226:R	4	70084	1363043	186226	599561
1198:1032455:R	7	514423	991665	1032455	1379833	641802	521230	61421
1199:1276424:M	1	725827
1200:825377:R	1	825377
1201:817988:R	1	817988
1202:754957:R	5	126153	1208146	754957	769991	93880
1203:299734:R	9	892673	586420	236974	652810	299734	641227	916907	83101	737584
1204:1017699:R	3	1017699	117575	599202
1205:1142528:R	3	1142528	642908	828595
1206:403403:R	7	403403	577764	759986	22268	296495	812931	1371942
1207:865386:R	2	865386	20321
1208:761331:M	1	13118
1209:130905:R	3	562794	980138	130905
1210:905939:R	2	520635	905939
1211:11853:R	2	11853	882918
1212:596146:M	3	518465	47380	56946
1213:11735:M	0
1214:722919:R	6	722919	1064765	241833	101645	174071	759317
1215:756437:R	2	756437	118654
1216:28837:R	6	1144393	1298942	28837	157388	686247	424829
1217:205699:R	6	802691	923377	1237814	205699	341252	630189
1218:634635:R	3	634635	773751	1297026
1219:416626:R	5	558078	81579	416626	304697	484638
1220:766590:R	2	766590	685805
1221:1336893:R	5	94484	1155182	571493	1242236	1336893
1222:285601:R	5	285601	576080	882373	1058479	744558
1223:123684:R	5	1276124	123684	286597	1246557	72478
1224:290988:R	2	818999	290988
1225:1182200:R	1	1182200
1226:349782:R	5	533099	349782	977425	1075020	1307817
1227:164038:R	1	164038
1228:537062:R	1	537062
1229:914533:R	1	914533
1230:883598:R	1	883598
1231:564171:R	4	1169506	1099081	564171	56450
1232:1099362:R	3	1220357	1099362	1327146
1233:548202:R	1	548202
1234:547971:R	1	547971
1235:326055:R	8	722269	61454	815575	326055	98799	510472	1265848	851940
1236:362987:M	0
1237:1250181:R	4	1250181	987045	1071047	912164
1238:655982:R	1	655982
1239:159049:M	5	159049	641477	674793	400574	1125622
1240:1070317:M	14	479929	212078	299200	717553	685216	1113172	699991	838207	42338	630842	1070317	864526	217997	601146
1241:1338903:R	3	884715	1338903	893206
1242:884975:R	2	564440	884975
1243:1094235:R	7	775206	1255882	551954	49493	1094235	383712	92086
1244:1124731:R	1	1124731
1245:257585:R	1	257585
1246:726531:M	1	624101
1247:927347:R	2	1160286	927347
1248:979524:R	1	979524
1249:955581:R	2	1235278	955581
1250:981490:R	1	981490
1251:264541:R	2	867620	264541
1252:372715:R	2	372715	1119273
1253:447930:R	1	447930
1254:1146345:R	3	1039260	1146345	1031766
1255:401848:R	2	602516	401848
1256:232401:R	1	232401
1257:1189269:R	2	1040188	1189269
1258:1192631:R	1	1192631
1259:149069:R	6	1093854	378594	1121025	454820	149069	393889
1260:311670:R	10	510410	1388870	331006	141212	311670	505332	1041353	70310	853674	803792
1261:261860:R	1	261860
1262:1124510:R	1	1124510
1263:360209:R	2	981690	360209
1264:676666:R	7	693508	965720	735538	972380	676666	923839	1383343
1265:1327825:R	5	773992	765676	1105604	818717	1327825
1266:240741:R	11	208442	567900	945685	14542	917693	512246	832586	1212819	225211	240741	142474
1267:1118967:R	2	1118967	22942
1268:1290133:R	1	1290133
1269:1123117:R	18	1250190	988747	141732	970057	416480	283102	388621	89633	1042869	1123117	802181	678882	123202	104786	609243	605125	1265006	477563
1270:239338:R	3	1050951	239338	205067
1271:561520:M	0
1272:953756:R	1	953756
1273:532809:R	6	103580	1092829	532809	567096	181340	964721
1274:72055:M	0
1275:382978:R	1	382978
1276:300773:R	2	300773	597313
1277:950879:R	1	950879
1278:1399017:R	2	83531	1399017
1279:191517:R	1	191517
1280:1081901:R	6	167945	710055	402967	1081901	1045441	871682
1281:964148:R	3	1031462	964148	1174496
1282:363528:R	5	172610	1163999	1227776	363528	1352372
1283:1288924:R	3	661895	34505	1288924
1284:1172881:R	3	127320	126555	1172881
1285:809224:R	1	809224
1286:922069:M	2	58300	922069
1287:1253357:R	9	89320	1264327	420063	1338854	352505	240677	1254546	247217	1253357
1288:1138243:R	15	655100	195651	64633	163086	526040	305465	165115	1371932	1000786	1138243	1110859	1248677	411229	306157	769361
1289:885357:R	1	885357
1290:1215003:R	3	1215003	1204791	716622
1291:214204:R	5	733096	214204	1389228	882129	920052
1292:209846:R	2	209846	278720
1293:546911:R	8	421404	658323	597180	641346	331888	390729	1089268	546911
1294:541227:R	16	122891	274894	201196	335596	689346	541227	303618	1017865	505222	312469	71833	331390	453684	1062765	1079170	824161
1295:55344:R	9	1272575	480784	761698	419853	55344	871782	351279	1013358	1375205
1296:684398:R	10	741906	1210809	684398	103375	1186030	1381123	375140	962940	415063	1007049
1297:827151:R	7	1327697	520892	585157	827151	1140062	58260	988681
1298:5344:R	6	1240940	1181800	1143573	5344	55635	457365
1299:678991:R	2	767905	678991
1300:1369572:R	2	708197	1369572
1301:643459:R	16	58085	203777	1307138	656985	560629	919056	98917	43482	908293	236147	1125787	643459	951796	184916	1270478	646225
1302:601596:R	2	601596	900665
1303:351002:R	2	351002	1352260
1304:70883:R	2	70883	157331
1305:169447:R	3	873617	676226	169447
1306:104946:R	3	104946	1114781	1329240
1307:97103:R	5	110747	1252916	495362	712167	97103
1308:502763:R	2	102827	502763
1309:340370:M	2	743951	719875
1310:135853:R	4	135853	246691	640521	1140870
1311:713241:R	1	713241
1312:819272:R	2	819272	1070718
1313:1258291:R	5	176620	844642	131793	1258291	754904
1314:43199:R	3	1316454	43199	188659
1315:64782:R	5	1150338	650646	64782	1049073	696571
1316:964356:R	4	1185678	964356	283998	995481
1317:103726:R	3	803424	103726	1039318
1318:370816:M	3	542309	348079	499492
1319:1062675:M	3	805	474766	697269
1320:198407:R	2	803822	198407
1321:740687:M	1	236615
1322:687886:R	4	1262219	1020258	687886	1065932
1323:38837:R	2	763536	38837
1324:192182:R	11	893605	366794	1210489	943745	773575	448385	739627	589405	985178	570383	192182
1325:292826:R	3	87094	292826	149282
1326:1033999:R	4	664892	1290141	385824	1033999
1327:594865:R	4	986881	1073791	742251	594865
1328:956529:R	6	355720	956529	22989	651761	657556	188358
1329:619700:R	3	165753	698248	619700
1330:920174:R	6	489700	920174	526586	185463	601811	786182
1331:81992:M	0
1332:403433:R	4	403433	1288640	692379	1004662
1333:456833:M	3	612945	604045	750269
1334:219269:R	2	219269	1354307
1335:1039336:R	3	1039336	757734	371367
1336:908017:R	1	908017
1337:1189710:R	4	176344	1189710	864930	1209465
1338:385241:R	3	675570	385241	1106588
1339:494656:R	4	494656	1141269	218270	843916
1340:838186:R	2	782517	838186
1341:282292:R	2	47184	282292
1342:304647:R	1	304647
1343:1262902:R	1	1262902
1344:599644:R	5	599644	461300	848336	823266	1263654
1345:819116:R	7	103590	819241	818830	819451	819116	618033	613611
1346:1391169:M	3	1190060	1217719	716818
1347:127338:R	6	89796	127338	243955	151373	1220822	437288
1348:553761:R	2	206529	553761
1349:114186:M	0
1350:27810:R	4	27810	656611	815511	194597
1351:468218:R	2	34696	468218
1352:1089672:M	3	500842	84143	36758
1353:107883:R	2	770809	107883
1354:669517:R	15	321992	1009767	1038333	581030	337331	336126	448544	1219964	179502	508159	1370207	444652	720164	669517	1299003
1355:295060:R	3	428212	295060	791358
1356:635653:M	1	339473
1357:1117748:R	2	1335250	1117748
1358:211827:R	5	450101	211827	67847	1251558	696585
1359:614328:R	4	499018	705460	718519	614328
1360:935359:R	5	778011	1261329	565006	810485	935359
1361:1385701:R	1	1385701
1362:882088:R	3	1309238	882088	869717
1363:448447:M	4	448447	1217550	55844	74159
1364:379291:R	1	379291
1365:146450:R	1	146450
1366:39437:R	2	181578	39437
1367:704467:R	5	704467	339496	315915	474696	1269417
1368:701272:R	2	1011002	701272
1369:132248:R	2	119869	132248
1370:147843:R	5	55417	212674	1303696	676417	147843
1371:493984:R	8	1124332	215433	493984	763097	637288	681411	125627	31479
1372:871905:M	4	607781	871905	570209	1251050
1373:313244:R	2	358468	313244
1374:526874:R	3	726736	526874	968979
1375:295346:R	6	1216593	309011	295346	1007448	228369	1254107
1376:377530:R	3	960283	377530	1043719
1377:1347518:R	4	718052	1347518	846691	243242
1378:1096377:R	5	1096377	131955	1120992	984412	112478
1379:1135822:R	4	994221	1135822	559860	718457
1380:351711:R	3	249398	584658	351711
1381:785810:R	6	677831	1096657	721318	15824	785810	1318668
1382:873814:R	3	316248	639670	873814
1383:1192573:M	1	1141393
1384:1321869:R	1	1321869
1385:804261:R	5	1164705	323516	1340009	804261	1283120
1386:370545:R	6	370545	851374	1323788	1254498	1102028	1239305
1387:1100928:R	1	1100928
1388:544283:R	3	709566	837924	544283
1389:684751:R	6	651958	984832	1182842	684751	63567	768244
1390:608181:R	2	539922	608181
1391:721519:R	6	1316142	707349	1255663	721519	944865	752006
1392:1349762:R	3	1349762	73553	770944
1393:982761:R	5	66164	283611	982761	1112797	1015964
1394:397237:R	1	397237
1395:1273955:R	2	1273955	879401
1396:474281:R	5	859574	474281	1358438	1301294	842525
1397:126466:R	16	196889	249786	831504	366861	1263790	26273	894367	832491	570532	45844	143327	96037	1377061	305841	714466	126466
1398:197145:R	12	1110868	486622	639733	469469	798110	950531	479446	437767	326173	399522	1193849	197145
1399:1250553:M	0
1400:916520:R	3	1021945	916520	940362
1401:1205495:R	3	1221652	1205495	313626
1402:219276:R	6	219276	621484	1369737	253093	361665	10915
1403:828895:R	2	1313083	828895
1404:249962:R	2	485364	249962
1405:1086493:R	6	212852	1114970	493277	1086493	137599	100380
1406:736739:R	1	736739
1407:458707:R	2	719651	458707
1408:283882:R	1	283882
1409:191175:R	9	665772	1336342	1033949	1169340	277856	1030450	1089236	876099	191175
1410:342237:R	3	342237	622350	954305
1411:1350386:R	2	291795	1350386
1412:1323905:R	9	1126163	1193609	1323905	1284886	813567	1115631	355188	945950	920861
1413:900986:R	11	120281	1041980	846014	4598	848353	900986	713722	19412	1239057	866317	5758
1414:1139996:R	6	1057902	1122245	1139996	707854	566081	1145150
1415:1149481:R	3	173301	1215604	1149481
1416:577416:R	8	1334973	1001478	1138935	666985	1018588	577416	379295	75475
1417:143313:M	2	734202	143313
1418:682414:R	1	682414
1419:1010547:M	0
1420:1361218:M	5	889069	452458	453574	1361218	299425
1421:658105:R	4	998282	658105	773900	1396575
1422:76421:R	8	76421	30866	798999	647467	505329	1134908	1172399	1106053
1423:1153908:R	3	256565	1153908	16760
1424:1019714:R	1	1019714
1425:1398220:R	5	1229077	934779	182038	222865	1398220
1426:1070151:R	1	1070151
1427:888302:R	4	156534	275968	617914	888302
1428:862975:M	0
1429:881125:R	4	1311226	881125	571470	27392
1430:473248:R	3	834648	1364594	473248
1431:314612:R	12	1194682	1122206	504139	1118553	927552	1121387	1343455	986561	866285	1111669	314612	270960
1432:1163905:R	5	1163905	648081	1295713	371229	858824
1433:1368537:R	1	1368537
1434:802443:R	16	272257	509526	1305026	892113	90363	599437	861233	1015979	1294632	802443	460439	160461	46381	312622	676737	470099
1435:685246:R	1	685246
1436:1025910:R	4	1224581	1224397	1224213	1025910
1437:852836:R	12	271765	1314772	648485	852836	303927	62514	537978	654429	861843	661807	1305380	872286
1438:1233961:R	8	708627	596543	865511	454019	1342574	556257	1233961	366329
1439:560762:R	9	1071718	8696	560762	847348	1057189	947979	774735	166314	584869
1440:107247:R	4	107247	438928	813887	416175
1441:183459:M	1	183459
1442:1162087:R	1	1162087
1443:6511:R	3	102716	1071922	6511
1444:948526:R	1	948526
1445:1278119:R	1	1278119
1446:1113028:R	5	238954	9787	588873	1113028	696921
1447:998410:R	7	998410	622420	1227755	8797	1074607	811984	325486
1448:385120:R	3	385120	1183425	1308621
1449:931261:R	1	931261
1450:1234273:R	6	1234273	572414	518193	519970	1169667	177445
1451:1155066:R	2	1155066	1068243
1452:492046:R	1	492046
1453:958506:R	4	1295011	676436	1210840	958506
1454:1189689:R	10	1145787	1172388	1355081	218858	1189689	1058762	239394	523586	1144270	988587
1455:701669:R	8	798276	355560	701669	926677	485369	712460	474648	81029
1456:942861:R	7	173015	411879	878952	893504	942861	1034556	496161
1457:79312:R	8	1122547	1373441	821666	60206	718774	28104	79312	1345959
1458:728081:R	10	434369	596289	1320389	531782	728081	86929	1009163	680076	56991	563327
1459:609623:R	5	909668	885606	1285163	609623	1197816
1460:167544:R	1	167544
1461:670702:R	1	670702
1462:517189:R	4	887834	1280227	517189	1308264
1463:798016:R	1	798016
1464:214791:M	3	1124796	937862	1234828
1465:1308333:R	4	1275845	1165519	75689	1308333
1466:1091985:R	1	1091985
1467:554456:R	11	754294	357938	381496	885623	251225	1245581	984152	602615	554456	1373979	111233
1468:621584:R	5	621584	645722	4813	950136	871486
1469:833938:R	3	833938	730318	1210095
1470:14136:R	4	1167965	14136	1356845	130994
1471:1200487:R	1	1200487
1472:40603:R	5	704836	91871	82534	918610	40603
1473:439730:R	2	439730	752129
1474:677665:R	4	1371338	163373	677665	219663
1475:1057807:R	3	1057807	252628	515920
1476:957022:R	3	280925	919137	957022
1477:396814:R	4	27997	396814	161048	126897
1478:690947:R	1	690947
1479:1396634:R	3	502561	1065461	1396634
1480:108341:R	2	108341	806253
1481:490828:R	3	490828	1016439	76604
1482:898079:R	1	898079
1483:206856:R	1	206856
1484:1361541:R	1	1361541
1485:631775:R	6	631775	367006	1385808	393632	25138	508184
1486:671049:R	10	1360508	1397265	163344	884205	1158548	910773	671049	978057	804917	183307
1487:828842:R	3	428366	929399	828842
1488:297352:R	2	1227809	297352
1489:1364862:R	4	717228	1145198	1364862	462024
1490:1095526:R	3	1095526	782554	856967
1491:46434:R	1	46434
1492:184038:R	1	184038
1493:33336:R	2	703801	33336
1494:1190581:R	5	1190581	23125	840460	462083	627020
1495:931345:R	5	931345	773906	1361426	1320586	236933
1496:824415:M	0
1497:387852:R	9	139600	591722	951826	307963	1148150	834959	387852	1156753	248053
1498:191000:R	21	191000	325238	1252094	1355099	1085103	724603	1101624	252135	701300	517331	274249	1265499	945993	831822	833530	284042	799334	3778	766938	1381703	717020
1499:591127:R	1	591127
1500:530754:R	3	530754	281266	403960
1501:1391111:R	2	1059193	1391111
1502:891436:R	3	740408	1213524	891436
1503:858796:R	1	858796
1504:882746:R	2	1090536	882746
1505:764866:R	5	242581	1308312	764866	530650	302181
1506:1215381:R	4	1215381	745656	1012187	261146
1507:359093:R	4	107281	1147967	1315713	359093
1508:375808:R	3	857709	375808	1112847
1509:651621:R	10	20799	531042	495994	1000822	132024	651621	1056356	1138279	710118	465522
1510:184122:M	0
1511:618303:R	3	534437	309954	618303
1512:581293:R	3	880930	581293	73378
1513:1050525:R	7	760345	176753	471328	1050525	1121274	717560	301999
1514:666107:R	5	1381708	114352	666107	1048419	436663
1515:466625:M	1	466648
1516:1011924:R	3	747484	250585	1011924
1517:1092166:R	1	1092166
1518:138079:R	5	1380008	1338951	138079	630671	1118111
1519:203747:R	7	687853	1300382	622501	203747	1217939	662061	316670
1520:327326:R	11	942017	877661	580595	1017188	1191027	832708	1140058	75138	820743	327326	689482
1521:1332770:R	1	1332770
1522:660194:R	11	1191349	511465	1305024	824774	593177	370514	1146259	418452	660194	900309	631193
1523:1398851:R	3	423662	1398851	234875
1524:873929:R	1	873929
1525:301189:R	2	547960	301189
1526:349107:R	2	349107	29645
1527:1020210:R	7	399528	326791	30261	678435	1024880	1020210	1151018
1528:1348141:M	3	405400	1206078	1348141
1529:706855:R	1	706855
1530:381857:R	1	381857
1531:609044:R	2	609044	1212068
1532:1301449:R	3	156222	1301449	739506
1533:617507:R	1	617507
1534:1029865:R	2	1029865	486415
1535:400764:R	3	521740	855536	400764
1536:590303:R	1	590303
1537:810047:R	3	333733	1272531	810047
1538:82916:R	3	989218	82916	1355374
1539:530088:R	3	530088	871572	960340
1540:811766:R	13	576319	838362	862883	43434	1364509	868397	811766	676128	4061	884232	754661	307383	948669
1541:120740:R	3	120740	831688	394047
1542:1152247:R	6	854271	1152247	1263318	172682	649055	1193844
1543:1214295:R	1	1214295
1544:738415:R	2	495376	738415
1545:1267574:R	1	1267574
1546:48934:R	5	1188420	48934	501457	144467	991126
1547:1368386:R	1	1368386
1548:808450:R	1	808450
1549:801455:R	3	1161773	1225549	801455
1550:276987:R	1	276987
1551:1199120:R	2	1255931	1199120
1552:202716:R	4	1151787	202716	756383	366113
1553:1050654:R	1	1050654
1554:1269050:R	14	1271497	390598	228843	751238	853598	434270	731339	734562	1269050	899639	1290833	1379263	276361	253797
1555:986962:R	6	986962	627969	589905	865212	928938	869148
1556:78330:R	6	1180330	457555	1040577	78330	508360	1073037
1557:795333:R	1	795333
1558:877069:R	5	727019	636587	874419	1345200	877069
1559:91597:R	3	91597	1189649	1092927
1560:387350:R	1	387350
1561:933525:R	5	157303	933525	898595	457739	885285
1562:1324473:R	8	264951	913041	582651	937765	368657	908430	1324473	729058
1563:20444:R	2	20444	834262
1564:1020069:R	8	1259278	1346149	1020069	838767	1190498	776588	360723	108290
1565:796651:R	2	911801	796651
1566:1136590:M	3	344347	451960	806832
1567:155603:R	2	155603	1127214
1568:654921:R	11	1365149	65136	1151957	600717	654921	724838	987217	523581	760167	140648	339642
1569:1339331:M	0
1570:738794:R	3	738794	1357827	1250651
1571:249122:M	2	1164709	363016
1572:573759:R	1	573759
1573:1289408:R	3	165631	1289408	682803
1574:44386:R	6	390607	1126914	1152343	894686	580461	44386
1575:544803:R	4	68211	538447	544803	968599
1576:350424:R	3	105820	350424	489315
1577:324082:R	4	1300509	324082	157548	1038564
1578:503434:R	2	1185473	503434
1579:477633:R	1	477633
1580:673173:R	7	1339384	889705	311631	349683	479817	673173	277677
1581:606827:R	2	606827	284018
1582:1246013:R	3	1097489	762439	1246013
1583:209938:R	10	209938	948509	776450	210138	506279	219319	936849	832181	860775	254125
1584:190155:R	3	18101	190155	628723
1585:1188108:R	3	1188108	1002263	348766
1586:78731:R	1	78731
1587:341171:R	1	341171
1588:604891:M	6	679628	1210206	1068433	655604	453106	121061
1589:1002846:R	3	1085672	1002846	909590
1590:8829:R	6	505077	1202752	8829	182940	471455	399654
1591:439052:M	0
1592:80998:R	3	301622	80998	160893
1593:300501:R	2	300501	895013
1594:810368:R	1	810368
1595:1398616:R	2	989200	1398616
1596:131643:M	1	131643
1597:307459:R	2	307459	1120383
1598:692684:R	1	692684
1599:1395159:M	16	807922	1395159	492457	671868	319927	89088	341015	506295	805283	78300	549773	462595	1357624	254693	873880	505042
1600:1030551:R	1	1030551
1601:969817:R	1	969817
1602:1102117:R	3	1102117	83683	105574
1603:157009:R	2	1125830	157009
1604:723807:R	3	1292174	723807	1178566
1605:112454:R	4	112454	975603	806362	18898
1606:1171101:R	1	1171101
1607:604365:R	1	604365
1608:1024315:R	4	376423	429637	845167	1024315
1609:112233:R	5	471761	1047750	491168	112233	1089861
1610:374293:R	4	1076629	41430	866464	374293
1611:1363138:R	2	1363138	912666
1612:315555:R	4	1224990	193226	1226080	315555
1613:694169:R	2	694169	741111
1614:1136319:R	2	1136319	101842
1615:87944:M	1	639745
1616:83980:R	4	617328	1320617	1318913	83980
1617:753184:R	7	1364339	1082774	210565	753184	549626	956231	506241
1618:296896:R	3	1108859	786686	296896
1619:303564:R	4	382636	1367281	303564	387517
1620:965839:R	8	798484	1187012	1072910	509549	151493	965839	1122518	361414
1621:503969:R	8	628726	60434	804346	797740	1014058	503969	1200555	724552
1622:1122220:R	8	63069	466871	507796	1122220	984922	2755	826189	995370
1623:1069049:R	3	297262	1069049	1283765
1624:613446:R	1	613446
1625:650406:R	2	650406	262332
1626:675791:R	3	675791	726760	578636
1627:1186209:R	3	244159	1186209	868716
1628:245627:R	3	245627	458185	1298811
1629:495003:R	1	495003
1630:654601:R	4	1247891	701884	456627	654601
1631:281936:M	0
1632:1167640:R	5	674199	517958	919115	491204	1167640
1633:1000971:R	3	1138428	1000971	202842
1634:443056:R	7	1259190	251012	443056	226457	702215	1203955	714629
1635:922889:M	2	1381766	922889
1636:53727:R	3	235897	1038973	53727
1637:1098560:R	2	1117954	1098560
1638:1188030:R	1	1188030
1639:246927:R	3	776238	196395	246927
1640:1201538:R	5	412582	872097	314987	571791	1201538
1641:146116:R	1	146116
1642:1091667:R	1	1091667
1643:457511:R	1	457511
1644:17154:M	3	450036	683870	17154
1645:972510:R	3	1324122	1083615	972510
1646:624873:M	5	521160	1197308	834788	285298	303585
1647:678389:R	3	493801	678389	77573
1648:1394942:R	5	699639	239519	1116378	1394942	714787
1649:103558:R	14	103558	555465	840662	1103445	1064148	469339	302928	1170553	352765	869623	1170403	354595	596402	773859
1650:354782:R	1	354782
1651:859658:R	6	707	859658	123009	64329	257498	325306
1652:396406:R	11	702168	183046	580906	1324021	905181	1222755	840975	977676	176640	396406	178062
1653:670301:R	1	670301
1654:143829:R	1	143829
1655:1213411:M	2	1341028	1175686
1656:606566:R	4	428637	606566	1323629	1340567
1657:97801:R	2	544781	97801
1658:828169:R	2	372805	828169
1659:759915:M	10	1157299	248648	179590	694284	629498	1070000	178978	1399010	1160236	675744
1660:79181:R	1	79181
1661:1156388:R	2	1156388	1220386
1662:319486:R	2	916743	319486
1663:1380238:R	2	1380238	400337
1664:990716:R	12	513017	1264625	990716	1127878	262415	693263	1186314	41981	173776	513248	21530	524988
1665:242166:R	2	242166	70665
1666:734198:R	4	789966	281702	1390235	734198
1667:991048:R	3	450185	991048	1390817
1668:1123838:R	3	1123838	806938	579106
1669:615450:R	1	615450
1670:1196822:R	9	1044135	1386046	691907	135113	563078	276063	1196822	494336	1335322
1671:363500:M	24	1245943	1253400	414908	911998	66536	885294	742687	1009202	847035	1209169	125646	627624	886765	186655	724876	1008539	321282	459109	208857	961259	357066	173863	194252	312826
1672:909434:R	1	909434
1673:893270:R	6	893270	851566	731151	80759	1380417	840616
1674:1024934:R	3	1024934	474153	550819
1675:1345110:R	2	1345110	401751
1676:701031:R	4	765769	154344	1039337	701031
1677:728294:R	6	612624	1089179	688130	728294	9178	721867
1678:1336527:R	3	1336527	242813	902429
1679:28113:R	3	755029	28113	989327
1680:795636:R	1	795636
1681:176786:R	10	694032	1307266	176786	442374	436321	1366438	644828	413178	796135	952011
1682:1096727:R	1	1096727
1683:474109:R	4	1009014	474109	368796	467777
1684:527799:R	5	171750	527799	685181	1380467	1047119
1685:801062:R	3	801062	1312556	1000818
1686:795768:R	1	795768
1687:611653:R	4	682429	580373	1027587	611653
1688:1073463:R	1	1073463
1689:803843:R	5	964358	82511	43227	803843	1331461
1690:510506:R	4	1105599	5580	510506	99691
1691:384236:R	1	384236
1692:817873:R	3	497376	382968	817873
1693:524022:R	8	753475	1032039	843452	1033779	1218556	524022	1244127	550715
1694:143854:R	11	816348	671843	620707	136834	328753	1195893	989693	1203841	143854	973692	1292654
1695:118700:M	0
1696:308517:M	0
1697:995697:M	9	1132424	1146556	995697	585111	994696	330984	1266617	882486	987316
1698:1310357:R	1	1310357
1699:1091285:R	1	1091285
1700:1395288:R	5	948110	672309	1395288	473488	866881
1701:79530:R	1	79530
1702:1286793:M	0
1703:238091:R	12	155977	1122719	164197	238091	592173	190524	1279057	677059	622356	1313696	866440	457359
1704:613683:R	3	1203928	613683	554285
1705:474639:R	1	474639
1706:873709:R	1	873709
1707:1043083:R	2	1043083	436362
1708:1389725:M	3	404379	381130	1389725
1709:1228394:R	3	122398	98611	1228394
1710:586907:M	6	277593	775127	994025	1173722	244128	72129
1711:534868:R	2	656687	534868
1712:1086023:M	2	415644	776365
1713:497319:R	2	1122308	497319
1714:787445:R	2	787445	899082
1715:380749:R	9	855914	895925	853839	297337	404965	326233	484798	380749	1112107
1716:828851:R	2	296901	828851
1717:1370554:R	6	1343447	457908	1370554	370960	515172	221229
1718:1204139:R	3	1104320	83535	1204139
1719:999554:R	3	1389224	999554	269637
1720:250269:R	2	1091387	250269
1721:1206668:R	2	1206668	605431
1722:364949:R	20	818139	1075013	364949	168346	1234321	1355973	179760	737175	326647	1257837	1281033	768778	109007	123621	1396727	1008761	3624	739966	129798	574395
1723:1060666:R	4	822357	919073	1060666	1026547
1724:315986:R	2	1117720	315986
1725:363548:R	2	363548	328442
1726:1131370:M	1	1333904
1727:629563:R	3	973598	363752	629563
1728:210594:R	5	406444	511417	210594	1319158	1134488
1729:155559:R	3	155559	177419	710849
1730:1369467:M	13	1321757	208786	943702	669676	1238869	944125	1178856	1369467	939575	1273154	469092	1100856	283348
1731:238044:R	2	729770	238044
1732:649012:R	2	1131025	649012
1733:131272:R	2	131272	967903
1734:793771:R	6	344213	1060656	500769	1378078	793771	1020988
1735:890709:R	2	323791	890709
1736:834530:R	14	3920	746632	193068	1257562	244721	1357715	1167814	1238631	1313725	628945	1349383	834530	1088243	554368
1737:932207:R	6	932207	75278	837000	361251	491800	1205168
1738:1010125:R	9	915165	872325	151491	654892	550848	1056056	1010125	210350	524730
1739:41456:R	2	780705	41456
1740:679842:R	2	347308	679842
1741:271495:R	1	271495
1742:296691:R	1	296691
1743:706883:R	3	695235	706883	1166361
1744:959296:R	1	959296
1745:603529:M	2	145394	54760
1746:851966:R	4	92402	687987	424443	851966
1747:1035730:R	5	915982	496367	1035730	305940	227785
1748:863524:R	4	806198	440292	452996	863524
1749:343245:R	3	343245	68010	587270
1750:532246:R	2	476458	532246
1751:1329642:R	12	622293	1329642	861387	706566	835131	768611	690418	260541	1379522	1333182	645936	902500
1752:655424:R	2	655424	841981
1753:655857:R	1	655857
1754:671808:R	1	671808
1755:876934:R	3	264232	876934	961182
1756:288359:R	4	288359	830324	4751	446899
1757:810335:M	2	968665	1051229
1758:172603:R	6	172603	12566	648888	1154677	687296	861299
1759:525209:R	2	369940	525209
1760:229820:M	0
1761:267865:M	15	159013	552773	574475	493521	1317375	112456	747829	839555	832105	1392960	471457	771584	975605	643541	1269121
1762:567342:R	1	567342
1763:206149:R	1	206149
1764:630001:R	2	1211208	630001
1765:673950:R	3	673950	598260	531295
1766:556581:R	8	415579	379017	354710	702812	556581	704440	1362136	1208496
1767:1063513:R	9	612054	781105	1002364	729875	1063513	420309	892345	752226	952452
1768:184508:R	5	526288	1129837	1046634	1225195	184508
1769:391487:R	4	170317	976901	391487	1157450
1770:1259079:R	4	882450	1259079	1020821	638961
1771:584170:R	8	584170	60427	463960	1252984	1075110	750265	777984	292850
1772:1175042:R	2	1175042	1051350
1773:187646:R	2	770025	187646
1774:1266228:R	1	1266228
1775:1001458:R	3	224443	814961	1001458
1776:321922:R	4	321922	1260344	186355	126093
1777:137775:R	3	137775	127887	395596
1778:597353:R	2	881204	597353
1779:824007:R	4	685320	157448	824007	1080858
1780:1342335:R	3	1147177	1342335	991409
1781:268122:R	1	268122
1782:1126798:M	0
1783:168469:R	1	168469
1784:379310:R	1	379310
1785:618568:R	4	618568	1389320	1055446	403376
1786:702172:R	1	702172
1787:360510:R	1	360510
1788:1242762:M	2	877386	1242762
1789:339281:R	15	554420	1227968	95763	403632	920767	437456	673615	339281	688042	823018	94479	901336	44191	808918	1162982
1790:1086517:R	1	1086517
1791:593426:R	6	806222	1288905	725184	449001	735254	593426
1792:619740:R	14	596288	728080	86928	1009162	680075	563326	619740	220813	1256046	1300498	938943	228667	120192	853997
1793:1386384:R	1	1386384
1794:1073350:R	2	406282	1073350
1795:131086:R	5	351921	302797	29551	131086	527305
1796:860368:R	4	1312413	135509	860368	743907
1797:450113:R	5	255934	450113	181472	45377	1075861
1798:274909:R	13	244123	202816	1134009	982952	1120280	1078354	849534	983514	274909	577067	243769	855109	569251
1799:487462:R	2	487462	115415
1800:488489:R	2	488489	1092669
1801:880488:R	1	880488
1802:98570:R	8	480779	923351	395023	951480	687891	980301	98570	240276
1803:510492:M	3	594188	1278783	202507
1804:927980:M	0
1805:1048292:M	10	1096876	843130	722004	168397	166865	551622	542164	1073845	126765	1033339
1806:999914:R	4	999914	805002	227227	187566
1807:846661:M	4	207226	630834	299878	1052487
1808:833367:R	4	833367	334203	334743	387084
1809:1159641:R	1	1159641
1810:898606:R	4	898606	820455	57899	531473
1811:349404:R	1	349404
1812:961133:R	2	782550	961133
1813:1322404:R	2	454900	1322404
1814:969193:R	1	969193
1815:866414:R	1	866414
1816:527563:R	3	643463	527563	503013
1817:1278196:R	1	1278196
1818:891651:R	8	373553	1233133	1266828	656752	33705	891651	595738	1360101
1819:715566:R	7	1385610	715566	183261	220864	417010	218523	1386020
1820:1300146:R	8	895286	1300146	551560	226185	880034	489473	653169	732043
1821:1071191:R	1	1071191
1822:893070:R	1	893070
1823:822152:R	7	990719	822152	1127881	437805	838961	742526	368818
1824:1018586:R	2	1232386	1018586
1825:637273:R	6	324857	1201107	90057	516099	887394	637273
1826:84776:M	3	1231640	250860	1299307
1827:194389:R	1	194389
1828:675682:R	4	183763	657213	675682	19329
1829:268246:R	4	336646	268246	1294423	1086502
1830:1138861:R	3	968703	1138861	1001404
1831:592877:R	7	405311	540343	312076	243946	314296	1169001	592877
1832:1330794:M	3	957963	1042213	309032
1833:721294:R	10	1322822	1350271	960477	450871	721294	719163	332507	1339713	779200	582134
1834:652861:R	1	652861
1835:538114:R	7	796405	538114	474818	104828	1199516	303078	1298898
1836:1054967:R	2	27141	1054967
1837:90915:R	1	90915
1838:1121274:R	7	760345	176753	471328	1050525	1121274	717560	301999
1839:1076649:M	3	226343	470743	136058
1840:370283:R	3	370283	1135156	793039
1841:91511:R	3	553279	91511	1140114
1842:589204:R	4	913490	758762	589204	194986
1843:1336661:R	6	1373138	684003	551847	1191763	445980	1336661
1844:1216719:M	0
1845:55885:R	2	55885	801903
1846:469051:R	3	823549	469051	1049853
1847:1134847:R	4	651790	1134847	216334	600652
1848:480653:R	1	480653
1849:4301:R	12	149778	139598	387850	714623	274676	4301	478712	973608	269990	920893	1282270	142446
1850:798469:R	2	597510	798469
1851:1010574:R	5	1013469	721713	898715	1199229	1010574
1852:1008075:R	3	291000	1008075	183310
1853:1242689:R	3	956208	296998	1242689
1854:546958:R	2	546958	359851
1855:977071:R	4	1082354	977071	606207	646276
1856:13974:R	2	827254	13974
1857:48900:R	1	48900
1858:1031423:R	15	1031423	863953	206684	412464	374036	1188516	438235	513824	1284839	590535	332817	370429	511349	651298	764936
1859:212062:R	3	157074	212062	467576
1860:387737:R	4	1228338	177173	495305	387737
1861:539713:R	1	539713
1862:682087:R	2	682087	734573
1863:215773:R	2	215773	1200307
1864:1378270:R	4	1337617	1121973	1378270	570567
1865:505340:R	1	505340
1866:658580:R	2	658580	785040
1867:679573:R	2	679573	521603
1868:98447:R	2	98447	353676
1869:460023:R	2	658520	460023
1870:279911:R	2	279911	704038
1871:593396:R	3	593396	1016972	664629
1872:834678:R	3	834678	54015	190627
1873:1385969:R	4	1385969	941110	609697	215031
1874:90208:R	2	929827	90208
1875:541334:R	3	541334	228880	1307108
1876:383670:R	2	383670	465713
1877:1326551:R	1	1326551
1878:1150014:M	0
1879:925824:R	1	925824
1880:1180850:R	4	64487	274133	279760	1180850
1881:67317:R	5	657642	1098661	67317	156260	37581
1882:1003807:R	3	1003807	390293	1151838
1883:798042:R	1	798042
1884:191716:R	3	191716	516890	849273
1885:20111:M	2	1036981	20111
1886:851243:M	2	119237	767987
1887:1322756:R	3	543448	634085	1322756
1888:1216807:R	7	1270461	962006	1229413	1031773	546278	1216807	1369122
1889:1030514:R	1	1030514
1890:431783:R	1	431783
1891:33202:R	1	33202
1892:1068152:M	3	678328	410791	89378
1893:190280:R	2	50102	190280
1894:841402:R	3	841402	785758	599308
1895:195793:M	1	708503
1896:292481:R	1	292481
1897:924875:R	2	924875	1035136
1898:501594:M	5	675709	748602	1047222	501594	1065353
1899:143690:R	4	427618	143690	117978	47987
1900:1297491:R	4	1297491	728480	56535	1064152
1901:1283005:R	3	947097	940213	1283005
1902:486161:R	5	486161	92133	240550	118017	801265
1903:1196731:R	2	1196731	1168623
1904:1187416:R	3	1196307	14224	1187416
1905:1062870:R	13	755207	754110	862601	1295438	312151	1283482	507713	660843	145516	427316	855875	1062870	273658
1906:125089:R	2	125089	1190353
1907:993582:R	6	792846	1353058	1257235	993582	319975	329820
1908:87381:R	1	87381
1909:1100721:M	1	213023
1910:882270:R	7	882270	441537	1277067	481447	770153	898629	560840
1911:998383:R	5	903455	998383	1164353	166223	308078
1912:1071:R	1	1071
1913:59010:R	7	1284215	65329	1122521	1228484	59010	766580	587108
1914:56031:R	1	56031
1915:981545:R	1	981545
1916:749931:R	4	698974	749931	7043	1297289
1917:1302974:R	6	1082995	1231792	215506	1302974	295004	600340
1918:1102965:R	4	178738	483287	1102965	686685
1919:405300:R	7	927909	1019876	1038278	567647	1179239	1232890	405300
1920:1243815:R	2	189499	1243815
1921:895468:R	3	1087539	363925	895468
1922:480034:R	3	387147	309508	480034
1923:269140:R	6	765237	507482	1048504	405576	269140	1035845
1924:757235:R	2	757235	994734
1925:358996:R	5	358996	823663	899273	716871	836861
1926:479422:R	3	479422	878594	532639
1927:59926:R	3	665910	903592	59926
1928:246801:R	2	1268657	246801
1929:1063330:M	3	700129	1012162	207265
1930:164446:R	3	164446	726085	1231550
1931:199959:R	4	199959	842176	383962	413055
1932:1187788:R	4	970242	87923	137826	1187788
1933:488111:R	1	488111
1934:105590:R	2	1295582	105590
1935:1222998:M	4	510501	1294542	1222998	957275
1936:1214273:R	2	1214273	1384758
1937:1000782:M	0
1938:1248541:M	5	1248541	1260335	445743	441466	714842
1939:1106691:R	2	51545	1106691
1940:1071752:R	5	718871	457433	822034	1071752	762028
1941:415062:R	7	1258559	646720	717103	684397	1381122	415062	1007048
1942:820324:R	4	820324	1280281	606454	1145942
1943:127049:R	5	49518	275471	872008	127049	1253679
1944:461516:R	2	191308	461516
1945:389898:R	3	1033996	1352108	389898
1946:502172:R	1	502172
1947:681529:R	4	921814	1002854	605054	681529
1948:605283:R	3	605283	1050837	67525
1949:1345095:M	0
1950:121895:R	3	121895	1057	731131
1951:200607:R	2	672817	200607
1952:685535:R	2	965605	685535
1953:919601:R	3	122042	1193040	919601
1954:791690:R	2	138972	791690
1955:313245:R	1	313245
1956:1288322:R	7	523246	1081550	535369	1040222	1288322	1020672	1227772
1957:876642:R	1	876642
1958:293904:M	1	538651
1959:640063:R	4	1073730	640063	117451	190509
1960:507674:R	5	312291	507674	1240108	892214	1356578
1961:549166:R	3	1384435	549166	670183
1962:1258843:R	1	1258843
1963:974202:R	1	974202
1964:937827:R	21	937827	284341	20073	839798	915550	446489	551323	856742	512216	609970	1042409	299730	124309	731956	226431	564055	1009408	562752	654087	702893	132600
1965:483941:M	1	545090
1966:175924:R	2	175924	785500
1967:1322050:R	2	1322050	888030
1968:500018:R	3	500018	584684	24404
1969:549112:R	6	549112	283417	1171338	1122641	1006917	869529
1970:1232707:R	1	1232707
1971:1275136:R	2	383996	1275136
1972:580466:R	5	580466	1133671	976246	797416	857523
1973:224875:R	5	589067	1388737	866404	224875	610037
1974:469892:R	5	469892	124329	1014522	924024	257837
1975:317104:R	2	317104	1052962
1976:763163:R	1	763163
1977:969308:R	2	989991	969308
1978:248827:R	1	248827
1979:1114803:R	2	1285110	1114803
1980:926779:R	1	926779
1981:1121717:R	6	1217346	1319840	384603	1257875	1121717	541410
1982:883762:R	2	822875	883762
1983:438611:R	1	438611
1984:1283037:R	6	1283037	7387	474942	266310	865343	583202
1985:725086:M	2	491412	438755
1986:1285635:R	4	561122	1380762	940518	1285635
1987:870326:M	4	38764	870326	749195	1392113
1988:526342:R	2	526342	167600
1989:1285035:R	2	627158	1285035
1990:107512:R	1	107512
1991:1302836:M	2	1114655	1271530
1992:1100651:R	2	1100651	239351
1993:1220017:R	3	1220017	1348374	996424
1994:882287:R	7	578906	1072730	275468	354352	642276	1335608	882287
1995:164406:R	3	164406	1319280	983410
1996:245869:R	12	1074025	998543	777564	1086258	51510	1172591	24864	27575	245869	599440	914666	580668
1997:74491:R	4	839905	499729	762312	74491
1998:1385543:R	2	1385543	328334
1999:796692:R	1	796692
